##BLOCKS= 64         
Note:~End
Plate:	SKBR5 R1 FLUVA/TBF	1.3	PlateFormat	Endpoint	Absorbance	Raw	FALSE	1						1	570	1	11	96	2	6	None	
	Temperature(¡C)	1	2	3	4	5	6	7	8	9	10	11	12		
	26.80														
		0.0458	0.481	0.4994	0.4913	0.525	0.4703	0.4731	0.3954	0.1829	0.1534	0.137			
		0.0427	0.8452	0.9022	0.8895	0.8638	0.8174	0.7612	0.6023	0.1943	0.128	0.1466			
		0.0425	1.3024	1.3486	1.3587	1.3651	1.4196	1.1726	1.1566	0.1754	0.1358	0.156			
		0.0405	1.6774	1.6359	1.8087	1.7191	1.7427	1.6008	1.3142	0.2808	0.1392	0.1491			
		0.0413	1.6709	1.4449	1.7174	1.9141	1.824	1.632	1.4251	0.3684	0.1539	0.1443			
		0.0419	1.7682	1.7561	1.6467	1.7838	1.7054	1.7164	1.2925	0.3928	0.1658	0.1463			
															
		
~End
Plate:	SKBR5 R2 FLUVA/TBF	1.3	PlateFormat	Endpoint	Absorbance	Raw	FALSE	1						1	570	1	11	96	2	6	None	
	Temperature(¡C)	1	2	3	4	5	6	7	8	9	10	11	12		
	26.90														
		0.0458	0.4477	0.4872	0.5014	0.4289	0.4413	0.387	0.3617	0.2158	0.145	0.1539			
		0.0444	0.8041	0.8551	0.8584	0.8199	0.7652	0.6925	0.5077	0.1781	0.1415	0.15			
		0.0443	1.3913	1.1839	1.3759	1.2888	1.1853	1.0774	0.9604	0.1756	0.1398	0.1425			
		0.049	1.4183	1.4179	1.5359	1.5355	1.6034	1.4363	1.2277	0.3133	0.1493	0.1366			
		0.0415	1.4106	1.3533	1.5463	1.5758	1.6087	1.4407	1.38	0.3355	0.1428	0.1396			
		0.0403	1.3909	1.5151	1.5063	1.5588	1.402	1.419	1.1859	0.3107	0.1403	0.1341			
															
		
~End
Plate:	SKBR5 R3 FLUVA/TBF	1.3	PlateFormat	Endpoint	Absorbance	Raw	FALSE	1						1	570	1	11	96	2	6	None	
	Temperature(¡C)	1	2	3	4	5	6	7	8	9	10	11	12		
	26.90														
		0.0452	0.4785	0.4912	0.5144	0.5171	0.5349	0.4818	0.4168	0.2169	0.1478	0.1698			
		0.0453	0.9274	0.9201	0.9292	0.8664	0.8443	0.7339	0.5625	0.195	0.1438	0.1517			
		0.0449	1.4115	1.351	1.4199	1.2971	1.2776	1.1474	1.0336	0.1893	0.1435	0.164			
		0.044	1.6608	1.7474	1.633	1.6247	1.6141	1.614	1.3726	0.2763	0.1632	0.1573			
		0.0411	1.5252	1.385	1.4626	1.4466	1.4971	1.5018	1.3057	0.3254	0.1561	0.1397			
		0.0409	1.6014	1.6485	1.588	1.6374	1.6263	1.523	1.2258	0.3083	0.1527	0.1438			
															
		
~End
Plate:	HS578T R1 FLUVA/TBF	1.3	PlateFormat	Endpoint	Absorbance	Raw	FALSE	1						1	570	1	11	96	2	6	None	
	Temperature(¡C)	1	2	3	4	5	6	7	8	9	10	11	12		
	26.90														
		0.0457	0.1523	0.1666	0.1522	0.1871	0.21	0.1981	0.1776	0.1712	0.1694	0.1484			
		0.0461	0.2079	0.2342	0.2847	0.2497	0.2425	0.2716	0.258	0.1974	0.198	0.1619			
		0.0442	0.7425	0.9155	0.9708	1.041	0.9156	1.0827	1.1033	0.3553	0.1752	0.1704			
		0.043	2.1725	2.287	2.3029	2.1814	2.2377	2.2337	2.0794	1.0084	0.1912	0.1862			
		0.044	2.4191	2.2834	2.4429	2.4766	2.4396	2.4524	2.1086	1.5931	0.2338	0.1918			
		0.0429	2.4328	2.4216	2.4206	2.4454	2.4403	2.4344	2.4373	1.5543	0.2147	0.2062			
															
		
~End
Plate:	HS578T R2 FLUVA/TBF	1.3	PlateFormat	Endpoint	Absorbance	Raw	FALSE	1						1	570	1	11	96	2	6	None	
	Temperature(¡C)	1	2	3	4	5	6	7	8	9	10	11	12		
	26.90														
		0.0451	0.1509	0.1551	0.1692	0.1604	0.1655	0.1526	0.1702	0.1461	0.1481	0.1621			
		0.0441	0.2405	0.2009	0.2559	0.2537	0.2436	0.2308	0.268	0.1618	0.1542	0.1643			
		0.0434	0.5947	0.7438	0.7381	0.8288	0.766	0.8531	0.8527	0.2642	0.1562	0.1373			
		0.0424	2.1589	2.0929	2.121	2.1995	2.1979	2.1399	2.0478	1.0298	0.1614	0.1605			
		0.0486	2.4257	2.2927	2.4063	2.4363	2.4129	2.4461	2.4287	1.4759	0.1695	0.1565			
		0.0433	2.4383	2.4366	2.4049	2.4271	2.4283	2.4017	2.3336	1.5208	0.2015	0.1438			
															
		
~End
Plate:	HS578T R3 FLUVA/TBF	1.3	PlateFormat	Endpoint	Absorbance	Raw	FALSE	1						1	570	1	11	96	2	6	None	
	Temperature(¡C)	1	2	3	4	5	6	7	8	9	10	11	12		
	26.90														
		0.0471	0.1393	0.1539	0.157	0.1673	0.1618	0.1486	0.1431	0.1454	0.1537	0.1401			
		0.0495	0.1883	0.2246	0.223	0.2291	0.2534	0.2277	0.2052	0.1511	0.1566	0.1582			
		0.0444	0.6344	0.6565	0.7715	0.9327	0.881	0.9113	0.9044	0.3001	0.138	0.168			
		0.0421	2.0691	2.2012	2.186	2.1549	2.2178	2.2198	2.055	1.0124	0.1633	0.1924			
		0.0457	2.4407	2.2901	2.4603	2.4519	2.4507	2.4035	2.3174	1.5128	0.1715	0.1483			
		0.0408	2.4452	2.4699	2.3821	2.4598	2.4322	2.445	2.3843	1.5754	0.2125	0.1769			
															
		
~End
Plate:	HCC1143 R1 FLUVA/TBF	1.3	PlateFormat	Endpoint	Absorbance	Raw	FALSE	1						1	570	1	11	96	2	6	None	
	Temperature(¡C)	1	2	3	4	5	6	7	8	9	10	11	12		
	26.90														
		0.0488	0.2964	0.2932	0.3067	0.3263	0.3078	0.285	0.2503	0.2611	0.1829	0.1717			
		0.0446	0.868	0.7008	0.8848	0.7656	0.7017	0.5774	0.3566	0.3266	0.2153	0.1772			
		0.0435	1.9113	1.8574	1.9046	1.9669	1.8091	1.8733	1.3109	0.2869	0.1883	0.1685			
		0.0472	2.2093	2.0487	2.2394	2.0624	2.1197	2.035	1.755	0.3016	0.1857	0.1611			
		0.0405	2.18	1.9081	2.2283	2.0681	2.1351	2.1308	1.8522	0.3292	0.1854	0.1572			
		0.0419	2.1125	2.0358	2.2212	2.2082	2.0027	1.8953	1.701	0.3735	0.1812	0.179			
															
		
~End
Plate:	HCC1143 R2 FLUVA/TBF	1.3	PlateFormat	Endpoint	Absorbance	Raw	FALSE	1						1	570	1	11	96	2	6	None	
	Temperature(¡C)	1	2	3	4	5	6	7	8	9	10	11	12		
	26.90														
		0.0456	0.3342	0.3089	0.3151	0.3537	0.3485	0.3074	0.2812	0.25	0.2037	0.1523			
		0.0439	0.7849	0.8514	0.8392	0.7146	0.7968	0.581	0.3534	0.3367	0.2292	0.1947			
		0.047	2.1267	1.9248	2.0967	2.0622	2.1446	1.987	1.4579	0.3049	0.1793	0.1776			
		0.0424	2.2892	2.3553	2.3061	2.2698	2.3085	2.2168	1.9246	0.3269	0.1842	0.1787			
		0.045	2.2405	2.0366	2.3806	2.3359	2.2959	2.327	2.1862	0.3991	0.2085	0.1681			
		0.0415	2.0844	2.18	2.1097	2.2894	2.2927	2.1198	1.8289	0.3799	0.1742	0.1713			
															
		
~End
Plate:	HCC1143 R3 FLUVA/TBF	1.3	PlateFormat	Endpoint	Absorbance	Raw	FALSE	1						1	570	1	11	96	2	6	None	
	Temperature(¡C)	1	2	3	4	5	6	7	8	9	10	11	12		
	27.00														
		0.0464	0.3058	0.3396	0.3454	0.3394	0.3095	0.2882	0.2615	0.2671	0.1726	0.1596			
		0.0449	0.9846	0.989	1.1011	0.9699	0.8986	0.607	0.425	0.3173	0.225	0.1582			
		0.0464	2.0627	1.9613	2.0777	2.1078	2.1554	2.0637	1.6031	0.2939	0.1637	0.1734			
		0.0448	2.2633	2.3179	2.263	2.3481	2.3247	2.3121	2.0443	0.3293	0.1778	0.1433			
		0.0459	2.1939	1.9787	2.3144	2.163	2.2532	2.3352	2.0947	0.3542	0.1688	0.1562			
		0.0445	2.0541	2.0323	2.2349	2.1299	2.2163	2.2533	1.9096	0.3778	0.1789	0.1661			
															
		
~End
Plate:	EFM-19 R1 FLUVA/TBF	1.3	PlateFormat	Endpoint	Absorbance	Raw	FALSE	1						1	570	1	11	96	2	6	None	
	Temperature(¡C)	1	2	3	4	5	6	7	8	9	10	11	12		
	27.00														
		0.0476	0.1927	0.1952	0.1827	0.2012	0.1922	0.214	0.1889	0.1545	0.1543	0.1469			
		0.047	0.6422	0.7155	0.7537	0.5399	0.7964	0.682	0.4837	0.2312	0.1442	0.1627			
		0.0459	1.6295	1.6074	1.7115	1.8686	1.9555	1.7821	1.4706	0.3061	0.1363	0.1716			
		0.0461	2.064	2.2545	2.0165	2.0863	2.1615	2.2127	1.9457	0.7685	0.1524	0.1477			
		0.0461	2.2308	2.0516	2.3362	2.2832	2.3681	2.3837	2.3564	1.0661	0.1579	0.1518			
		0.0419	2.411	2.4333	2.398	2.4073	2.4353	2.429	2.4492	1.5382	0.1486	0.171			
															
		
~End
Plate:	EFM-19 R2 FLUVA/TBF	1.3	PlateFormat	Endpoint	Absorbance	Raw	FALSE	1						1	570	1	11	96	2	6	None	
	Temperature(¡C)	1	2	3	4	5	6	7	8	9	10	11	12		
	27.00														
		0.0497	0.2225	0.204	0.2043	0.2243	0.2082	0.2691	0.1951	0.1742	0.162	0.1762			
		0.0452	0.6416	0.8228	0.7345	0.7485	0.6506	0.6285	0.4707	0.2397	0.1684	0.1726			
		0.0431	1.9147	2.024	1.9854	2.0522	1.9097	1.7516	1.3365	0.3652	0.1557	0.1828			
		0.0452	2.2778	2.3712	2.1344	2.1414	2.2801	2.2249	1.9092	0.7801	0.1824	0.1603			
		0.0458	2.411	2.0984	2.4197	2.4299	2.4287	2.4184	2.329	1.0706	0.1518	0.1585			
		0.0461	2.4328	2.4887	2.4792	2.4784	2.5239	2.4671	2.4892	1.6132	0.1426	0.1983			
															
		
~End
Plate:	EFM-19 R3 FLUVA/TBF	1.3	PlateFormat	Endpoint	Absorbance	Raw	FALSE	1						1	570	1	11	96	2	6	None	
	Temperature(¡C)	1	2	3	4	5	6	7	8	9	10	11	12		
	27.00														
		0.0475	0.2075	0.199	0.1979	0.2126	0.2134	0.1992	0.1768	0.1702	0.1326	0.1993			
		0.0456	0.5481	0.7064	0.5823	0.6111	0.5968	0.5413	0.4555	0.2305	0.1661	0.2063			
		0.0419	1.6858	1.5921	1.6013	1.6297	1.6137	1.5111	1.2497	0.3171	0.1569	0.1708			
		0.0442	2.11	2.2354	2.1996	2.1076	2.1403	2.0167	1.9236	0.5494	0.1537	0.1589			
		0.0437	2.314	2.0817	2.2687	2.2982	2.302	2.3061	2.1812	0.8881	0.1498	0.1618			
		0.0425	2.4053	2.4122	2.3973	2.4181	2.3813	2.3965	2.3603	1.3761	0.1619	0.1776			
															
		
~End
Plate:	MDAMB468 R1 FLUVA/TBF	1.3	PlateFormat	Endpoint	Absorbance	Raw	FALSE	1						1	570	1	11	96	2	6	None	
	Temperature(¡C)	1	2	3	4	5	6	7	8	9	10	11	12		
	27.00														
		0.0485	0.1717	0.167	0.1874	0.1719	0.166	0.1601	0.1721	0.1617	0.1612	0.1766			
		0.0453	0.1836	0.1948	0.173	0.1879	0.1854	0.2082	0.1816	0.1716	0.2043	0.173			
		0.0452	0.9196	0.8572	0.8636	0.9116	0.728	0.6399	0.2967	0.21	0.1792	0.2181			
		0.045	1.9026	1.8596	1.9227	1.7915	1.6923	1.6197	1.1521	0.2393	0.1711	0.2028			
		0.0442	2.1929	1.9316	2.1149	2.1969	2.0336	2.164	1.8905	0.5439	0.1466	0.1646			
		0.0427	2.1837	2.1613	2.1699	2.1221	2.108	2.1255	1.8431	0.6914	0.1606	0.1885			
															
		
~End
Plate:	MDAMB468 R2 FLUVA/TBF	1.3	PlateFormat	Endpoint	Absorbance	Raw	FALSE	1						1	570	1	11	96	2	6	None	
	Temperature(¡C)	1	2	3	4	5	6	7	8	9	10	11	12		
	27.00														
		0.0444	0.1465	0.1539	0.155	0.1612	0.1541	0.1599	0.1681	0.1515	0.1579	0.1706			
		0.05	0.1537	0.1677	0.1725	0.1792	0.1742	0.166	0.1781	0.1559	0.1693	0.2582			
		0.0444	0.7625	1.2089	0.7996	0.803	0.6842	0.4541	0.3026	0.1598	0.1557	0.1743			
		0.0415	1.9046	2.011	1.9539	1.788	1.7467	1.4856	1.0986	0.2013	0.1523	0.1781			
		0.0422	2.2581	1.8313	2.1395	2.2131	2.0183	2.1121	1.6259	0.4719	0.171	0.1661			
		0.0409	2.161	2.2368	2.1698	2.1705	2.1432	2.0469	1.7868	0.5783	0.1638	0.171			
															
		
~End
Plate:	MDAMB468 R3 FLUVA/TBF	1.3	PlateFormat	Endpoint	Absorbance	Raw	FALSE	1						1	570	1	11	96	2	6	None	
	Temperature(¡C)	1	2	3	4	5	6	7	8	9	10	11	12		
	27.00														
		0.047	0.1507	0.1725	0.1693	0.1563	0.1506	0.1619	0.1584	0.1607	0.1459	0.1645			
		0.0443	0.166	0.1558	0.1699	0.16	0.1604	0.1634	0.1686	0.1553	0.1504	0.1695			
		0.0422	0.6286	0.6901	0.6301	0.6863	0.5588	0.429	0.2409	0.1632	0.1504	0.1738			
		0.0447	1.7969	1.754	1.8486	1.5967	1.6171	1.3864	1.0046	0.1845	0.1729	0.1616			
		0.0433	2.0467	1.7077	2.025	2.2177	1.9117	1.9533	1.7064	0.5729	0.171	0.146			
		0.042	2.0902	2.0797	2.0749	2.1947	2.049	1.8916	1.7095	0.5507	0.1458	0.1568			
															
		
~End
Plate:	HCC1937 R1 FLUVA/TBF	1.3	PlateFormat	Endpoint	Absorbance	Raw	FALSE	1						1	570	1	11	96	2	6	None	
	Temperature(¡C)	1	2	3	4	5	6	7	8	9	10	11	12		
	27.00														
		0.0453	0.2263	0.2316	0.2362	0.2494	0.2274	0.2386	0.2213	0.1792	0.1539	0.1605			
		0.0431	0.2635	0.2782	0.2669	0.2322	0.2562	0.2332	0.2045	0.1702	0.157	0.1571			
		0.0424	0.5083	0.6012	0.5823	0.487	0.5335	0.4299	0.2523	0.1564	0.1552	0.1714			
		0.0416	1.0937	1.0358	1.1129	1.04	1.0508	1.006	0.6227	0.1697	0.1434	0.1749			
		0.0404	1.3562	1.0515	1.2468	1.4343	1.331	1.3036	0.9685	0.2096	0.1543	0.1422			
		0.0393	1.2819	1.2591	1.241	1.3087	1.2465	1.23	0.993	0.267	0.1523	0.1566			
															
		
~End
Plate:	HCC1937 R2 FLUVA/TBF	1.3	PlateFormat	Endpoint	Absorbance	Raw	FALSE	1						1	570	1	11	96	2	6	None	
	Temperature(¡C)	1	2	3	4	5	6	7	8	9	10	11	12		
	27.00														
		0.0449	0.2382	0.2225	0.2292	0.2354	0.2209	0.2267	0.2092	0.1717	0.1411	0.1385			
		0.0446	0.2406	0.2329	0.2339	0.2324	0.2327	0.2196	0.1743	0.1497	0.1348	0.1326			
		0.0533	0.5005	0.5033	0.5209	0.4956	0.496	0.4172	0.2517	0.1554	0.134	0.1293			
		0.0431	0.9828	0.9956	0.9741	0.9995	0.9469	0.9289	0.5218	0.1504	0.1307	0.1347			
		0.0438	1.2281	1.0714	1.2492	1.1859	1.3053	1.3055	0.9496	0.182	0.128	0.1256			
		0.0409	1.2336	1.3134	1.1803	1.2858	1.2889	1.1228	1.0003	0.2487	0.1311	0.1262			
															
		
~End
Plate:	HCC1937 R3 FLUVA/TBF	1.3	PlateFormat	Endpoint	Absorbance	Raw	FALSE	1						1	570	1	11	96	2	6	None	
	Temperature(¡C)	1	2	3	4	5	6	7	8	9	10	11	12		
	27.10														
		0.0453	0.2215	0.2317	0.2568	0.261	0.227	0.2466	0.2224	0.188	0.1747	0.1707			
		0.0479	0.2524	0.2527	0.2666	0.2575	0.249	0.2148	0.1924	0.17	0.162	0.1528			
		0.0432	0.5372	0.5443	0.5616	0.5686	0.5191	0.4042	0.2585	0.1698	0.1646	0.1785			
		0.042	1.1132	1.0348	1.123	1.0528	0.9324	0.9169	0.5356	0.1578	0.1645	0.1706			
		0.0416	1.338	1.1751	1.4116	1.4475	1.4456	1.4364	1.129	0.2304	0.1569	0.1692			
		0.0407	1.2365	1.4532	1.3756	1.4043	1.3958	1.1762	1.051	0.2482	0.155	0.1834			
															
		
~End
Plate:	EVSA-T R1 FLUVA/TBF	1.3	PlateFormat	Endpoint	Absorbance	Raw	FALSE	1						1	570	1	11	96	2	6	None	
	Temperature(¡C)	1	2	3	4	5	6	7	8	9	10	11	12		
	27.10														
		0.0451	0.1581	0.1789	0.157	0.1802	0.1597	0.1618	0.171	0.159	0.1448	0.1623			
		0.0563	0.1823	0.1784	0.1711	0.1572	0.1584	0.1676	0.1516	0.1564	0.1425	0.1677			
		0.0421	0.2707	0.1933	0.2291	0.2656	0.2609	0.2124	0.1793	0.1411	0.1491	0.168			
		0.0544	0.3545	0.3943	0.4668	0.4094	0.3554	0.3272	0.2462	0.1761	0.1444	0.1569			
		0.0419	2.1513	2.4858	2.4608	2.4202	2.5034	2.4593	2.2087	0.2069	0.1547	0.1501			
		0.0413	2.5362	2.5334	2.5367	2.5281	2.5355	2.5408	2.5277	2.0706	0.1479	0.1723			
															
		
~End
Plate:	EVSA-T R2 FLUVA/TBF	1.3	PlateFormat	Endpoint	Absorbance	Raw	FALSE	1						1	570	1	11	96	2	6	None	
	Temperature(¡C)	1	2	3	4	5	6	7	8	9	10	11	12		
	27.10														
		0.0455	0.1394	0.1369	0.1428	0.1349	0.1403	0.1487	0.1586	0.155	0.1467	0.1618			
		0.0438	0.1589	0.1487	0.1537	0.1787	0.1525	0.1758	0.1525	0.1463	0.1518	0.1614			
		0.0422	0.2484	0.2871	0.3855	0.2604	0.3362	0.2088	0.1762	0.1399	0.1631	0.1616			
		0.0415	0.2699	0.3453	0.4136	0.2811	0.2713	0.2856	0.1848	0.1433	0.1444	0.1633			
		0.0465	2.4706	2.4555	2.5165	2.5225	2.473	2.4955	0.717	0.278	0.1457	0.1445			
		0.0404	2.5323	2.5312	2.5286	2.5393	2.5287	2.5316	2.5113	1.8746	0.1527	0.17			
															
		
~End
Plate:	EVSA-T R3 FLUVA/TBF	1.3	PlateFormat	Endpoint	Absorbance	Raw	FALSE	1						1	570	1	11	96	2	6	None	
	Temperature(¡C)	1	2	3	4	5	6	7	8	9	10	11	12		
	27.10														
		0.0469	0.1511	0.1435	0.1612	0.1599	0.1508	0.1487	0.1547	0.1359	0.1293	0.1463			
		0.045	0.1788	0.1507	0.1679	0.1544	0.1569	0.1553	0.1511	0.1408	0.1347	0.1358			
		0.0473	0.2134	0.2512	0.1867	0.1962	0.2597	0.1925	0.1996	0.1388	0.1431	0.1579			
		0.044	0.4182	0.3049	0.5199	0.345	0.3555	0.3067	0.2736	0.1619	0.1383	0.169			
		0.0456	2.4926	2.5264	2.5006	2.5262	2.5204	2.5093	1.7623	0.2517	0.1398	0.151			
		0.0416	2.538	2.5506	2.5448	2.5402	2.5373	2.5268	2.5211	1.712	0.149	0.1548			
															
		
~End
Plate:	MPE600 R1 FLUVA/TBF	1.3	PlateFormat	Endpoint	Absorbance	Raw	FALSE	1						1	570	1	11	96	2	6	None	
	Temperature(¡C)	1	2	3	4	5	6	7	8	9	10	11	12		
	27.10														
		0.0482	0.1354	0.1347	0.1383	0.1518	0.1623	0.1548	0.1501	0.1507	0.1502	0.1565			
		0.0441	0.1439	0.132	0.1415	0.1464	0.133	0.1429	0.1423	0.1586	0.1647	0.164			
		0.0437	0.8103	0.9089	1.0828	1.148	0.9994	1.1186	0.5904	0.1455	0.1415	0.18			
		0.0418	2.1574	2.4478	2.3974	2.3326	2.3061	2.295	2.1023	0.5652	0.1495	0.2009			
		0.0453	2.2286	2.0065	2.321	2.3441	2.2547	2.3763	2.3364	0.996	0.1476	0.1611			
		0.0412	2.2211	2.2725	2.2532	2.3235	2.2289	2.3153	2.0877	0.679	0.138	0.1683			
															
		
~End
Plate:	MPE600 R2 FLUVA/TBF	1.3	PlateFormat	Endpoint	Absorbance	Raw	FALSE	1						1	570	1	11	96	2	6	None	
	Temperature(¡C)	1	2	3	4	5	6	7	8	9	10	11	12		
	27.10														
		0.0449	0.1278	0.1298	0.1307	0.1241	0.1402	0.1508	0.1455	0.1464	0.142	0.1619			
		0.0439	0.1245	0.1375	0.1374	0.1358	0.134	0.135	0.1312	0.146	0.1387	0.1506			
		0.0507	0.664	1.4035	1.2449	1.3546	1.1576	0.7811	0.7369	0.1355	0.1414	0.1796			
		0.0425	2.216	2.339	2.3977	2.4195	2.3119	2.3751	2.1755	0.796	0.1437	0.1577			
		0.04	2.3344	2.2198	2.3333	2.447	2.3776	2.3485	2.2711	1.1561	0.1438	0.1507			
		0.041	2.3505	2.2731	2.3834	2.4571	2.4054	2.3111	2.2887	1.366	0.135	0.1669			
															
		
~End
Plate:	MPE600 R3 FLUVA/TBF	1.3	PlateFormat	Endpoint	Absorbance	Raw	FALSE	1						1	570	1	11	96	2	6	None	
	Temperature(¡C)	1	2	3	4	5	6	7	8	9	10	11	12		
	27.10														
		0.0443	0.1432	0.1434	0.1366	0.1376	0.1355	0.1398	0.1396	0.1476	0.1395	0.1752			
		0.0458	0.1349	0.128	0.1294	0.1287	0.1208	0.1331	0.1308	0.1404	0.1349	0.1714			
		0.0453	1.0718	1.1349	0.9045	1.1667	1.1158	0.9468	0.5494	0.1375	0.1475	0.1818			
		0.0447	2.2795	2.3947	2.4386	2.3614	2.4131	2.3358	2.1163	0.5507	0.1554	0.1659			
		0.0504	2.3698	2.2752	2.4598	2.412	2.4191	2.4388	2.4038	1.2703	0.1338	0.1617			
		0.0398	2.3996	2.3484	2.4041	2.3923	2.4685	2.3747	2.2394	1.077	0.1426	0.1623			
															
		
~End
Plate:	BT549 R1 FLUVA/TBF	1.3	PlateFormat	Endpoint	Absorbance	Raw	FALSE	1						1	570	1	11	96	2	6	None	
	Temperature(¡C)	1	2	3	4	5	6	7	8	9	10	11	12		
	27.10														
		0.0465	0.1246	0.1355	0.1327	0.1402	0.134	0.1531	0.1539	0.1556	0.154	0.1948			
		0.0427	0.1268	0.1285	0.1391	0.1261	0.1313	0.1604	0.1461	0.1565	0.1797	0.1763			
		0.0412	0.2845	0.2803	0.2985	0.2504	0.3104	0.2236	0.2041	0.1662	0.1984	0.2111			
		0.0416	1.1236	1.1616	1.1834	1.2607	1.2121	1.176	0.8033	0.1908	0.1535	0.1908			
		0.039	1.3881	1.1637	1.6088	1.5566	1.4358	1.6682	1.4666	0.3776	0.1618	0.1929			
		0.041	1.3026	1.6157	1.4192	1.3228	1.5406	1.4854	1.2666	0.391	0.1557	0.1868			
															
		
~End
Plate:	BT549 R2 FLUVA/TBF	1.3	PlateFormat	Endpoint	Absorbance	Raw	FALSE	1						1	570	1	11	96	2	6	None	
	Temperature(¡C)	1	2	3	4	5	6	7	8	9	10	11	12		
	27.10														
		0.0495	0.1248	0.1299	0.135	0.1324	0.1236	0.1383	0.152	0.1466	0.1429	0.1759			
		0.0419	0.147	0.1203	0.1374	0.1394	0.1339	0.1306	0.145	0.145	0.1325	0.141			
		0.0417	0.2624	0.3026	0.3207	0.2955	0.2854	0.2562	0.1896	0.1449	0.1475	0.1676			
		0.0411	1.104	1.2326	1.4309	1.274	1.3383	1.4409	1.0991	0.1703	0.1441	0.1639			
		0.0392	1.4665	1.3375	1.8081	1.7096	1.5635	1.6313	1.5137	0.4366	0.165	0.159			
		0.0401	1.3575	1.5314	1.5897	1.5205	1.5207	1.4738	1.4268	0.3881	0.1608	0.1626			
															
		
~End
Plate:	BT549 R3 FLUVA/TBF	1.3	PlateFormat	Endpoint	Absorbance	Raw	FALSE	1						1	570	1	11	96	2	6	None	
	Temperature(¡C)	1	2	3	4	5	6	7	8	9	10	11	12		
	27.10														
		0.0436	0.1253	0.1277	0.1294	0.1308	0.1353	0.1333	0.1364	0.1328	0.1521	0.1787			
		0.042	0.1263	0.1192	0.1312	0.1338	0.1333	0.1329	0.1339	0.1364	0.1366	0.1598			
		0.041	0.2476	0.2495	0.3082	0.3163	0.2981	0.2288	0.2043	0.1231	0.1483	0.1942			
		0.0403	1.1638	1.3577	1.3288	1.3911	1.4244	1.4797	1.0668	0.1627	0.1338	0.1606			
		0.04	1.5265	1.3361	1.7691	1.7412	1.7215	1.8279	1.8076	0.4293	0.1328	0.1574			
		0.0428	1.4239	1.6084	1.7529	1.5633	1.6917	1.67	1.4646	0.4287	0.1364	0.1638			
															
		
~End
Plate:	ZR751 R1 FLUVA/TBF	1.3	PlateFormat	Endpoint	Absorbance	Raw	FALSE	1						1	570	1	11	96	2	6	None	
	Temperature(¡C)	1	2	3	4	5	6	7	8	9	10	11	12		
	27.10														
		0.0438	0.3328	0.3295	0.3295	0.3543	0.3602	0.3435	0.3326	0.2886	0.1839	0.1937			
		0.0422	0.4637	0.4442	0.3695	0.4361	0.4678	0.4067	0.3288	0.2366	0.1957	0.1963			
		0.0415	0.859	0.9464	0.9315	1.0222	0.9771	0.8934	0.6691	0.2001	0.1995	0.2097			
		0.0411	1.1923	1.2717	1.3367	1.2987	1.3381	1.3201	1.1641	0.2312	0.1744	0.2112			
		0.0389	1.7351	1.5152	1.9208	1.9031	1.8567	2.0929	1.8395	0.1988	0.1807	0.2115			
		0.039	2.0702	2.0564	2.0353	2.0876	2.1445	2.076	2.1694	0.3656	0.1582	0.2043			
															
		
~End
Plate:	ZR751 R2 FLUVA/TBF	1.3	PlateFormat	Endpoint	Absorbance	Raw	FALSE	1						1	570	1	11	96	2	6	None	
	Temperature(¡C)	1	2	3	4	5	6	7	8	9	10	11	12		
	27.20														
		0.0441	0.3355	0.34	0.3444	0.3495	0.3632	0.3468	0.3495	0.2988	0.1872	0.1932			
		0.0431	0.4752	0.4586	0.4698	0.453	0.4663	0.3943	0.3415	0.2463	0.1748	0.1699			
		0.0416	0.945	0.9007	1.002	0.9296	0.9617	0.9134	0.6569	0.1732	0.2035	0.1854			
		0.0407	1.242	1.2867	1.3266	1.3973	1.3494	1.3504	1.1481	0.2279	0.192	0.1951			
		0.0407	1.7033	1.4983	1.8343	1.9184	1.9176	1.9123	1.8466	0.2213	0.1829	0.2027			
		0.0394	1.8574	2.1502	2.1249	2.1718	2.179	2.206	2.2411	0.4485	0.1759	0.1964			
															
		
~End
Plate:	ZR751 R3 FLUVA/TBF	1.3	PlateFormat	Endpoint	Absorbance	Raw	FALSE	1						1	570	1	11	96	2	6	None	
	Temperature(¡C)	1	2	3	4	5	6	7	8	9	10	11	12		
	27.20														
		0.0452	0.3266	0.3523	0.3655	0.3485	0.3655	0.3248	0.3142	0.2808	0.1851	0.198			
		0.0424	0.5113	0.4972	0.4813	0.4875	0.4565	0.4021	0.3575	0.2137	0.1728	0.2188			
		0.0421	0.7991	0.8609	0.9256	0.9163	0.9666	0.9024	0.6272	0.1837	0.1828	0.2221			
		0.0407	1.2205	1.3089	1.3238	1.3739	1.3588	1.4312	1.2572	0.2412	0.1917	0.2163			
		0.0405	1.692	1.5586	1.8519	1.8947	2.0086	1.9397	1.8347	0.227	0.17	0.2129			
		0.0406	2.0099	2.1207	2.1904	2.1145	2.2232	2.2311	2.2748	0.5571	0.1778	0.1857			
															
		
~End
Plate:	HBL100 R1 FLUVA/TBF	1.3	PlateFormat	Endpoint	Absorbance	Raw	FALSE	1						1	570	1	11	96	2	6	None	
	Temperature(¡C)	1	2	3	4	5	6	7	8	9	10	11	12		
	27.20														
		0.0489	0.1192	0.124	0.1265	0.1323	0.1325	0.1511	0.1345	0.1454	0.1499	0.1603			
		0.0451	0.125	0.1251	0.1338	0.1327	0.1434	0.1376	0.1498	0.1436	0.14	0.1628			
		0.0443	0.1628	0.1877	0.1918	0.1884	0.2112	0.2059	0.1964	0.1526	0.1434	0.1668			
		0.0458	0.4075	0.9041	1.0864	1.0042	0.9616	0.8952	0.8422	0.2556	0.1473	0.166			
		0.0459	1.0508	0.9046	1.1462	1.4039	1.5257	1.2526	1.2817	0.4789	0.1534	0.1554			
		0.0412	0.9273	1.0555	0.9482	1.345	0.9794	1.1268	1.0596	0.4247	0.1457	0.143			
															
		
~End
Plate:	HBL100 R2 FLUVA/TBF	1.3	PlateFormat	Endpoint	Absorbance	Raw	FALSE	1						1	570	1	11	96	2	6	None	
	Temperature(¡C)	1	2	3	4	5	6	7	8	9	10	11	12		
	27.20														
		0.0486	0.134	0.1317	0.1283	0.1343	0.1295	0.1378	0.1384	0.1445	0.141	0.1442			
		0.0467	0.1385	0.1272	0.1318	0.1256	0.1373	0.1413	0.1488	0.1438	0.145	0.1423			
		0.0522	0.1808	0.1806	0.2216	0.2143	0.2132	0.1777	0.2079	0.1441	0.1429	0.1458			
		0.0517	0.86	1.0627	1.1108	1.3457	1.0184	1.3507	1.0435	0.3307	0.1582	0.1697			
		0.0486	0.9781	1.2979	1.5757	1.313	1.6575	1.5709	1.4686	0.7039	0.1575	0.1591			
		0.0411	1.0964	1.375	1.1267	1.2043	1.2118	1.2803	1.3262	0.5846	0.1603	0.1738			
															
		
~End
Plate:	HBL100 R3 FLUVA/TBF	1.3	PlateFormat	Endpoint	Absorbance	Raw	FALSE	1						1	570	1	11	96	2	6	None	
	Temperature(¡C)	1	2	3	4	5	6	7	8	9	10	11	12		
	27.20														
		0.0445	0.1644	0.1647	0.1577	0.1701	0.1787	0.1628	0.1686	0.1772	0.1536	0.1674			
		0.0454	0.1681	0.1498	0.1609	0.1542	0.1808	0.1663	0.1812	0.1658	0.1794	0.2018			
		0.0439	0.2219	0.2081	0.2435	0.2282	0.2416	0.2281	0.2419	0.1766	0.1822	0.1948			
		0.0433	1.2824	1.2433	1.3856	1.4588	1.3664	1.3558	1.1982	0.3333	0.1806	0.2108			
		0.0423	1.7087	1.2884	1.6035	1.3428	1.569	1.6058	1.5973	0.5926	0.2082	0.1846			
		0.0418	1.4349	1.2957	1.3051	1.279	1.4447	1.4878	1.5495	0.6988	0.2051	0.197			
															
		
~End
Plate:	HCC1954 R1 FLUVA/TBF	1.3	PlateFormat	Endpoint	Absorbance	Raw	FALSE	1						1	570	1	11	96	2	6	None	
	Temperature(¡C)	1	2	3	4	5	6	7	8	9	10	11	12		
	27.20														
		0.0489	0.1398	0.1373	0.1302	0.1366	0.134	0.1385	0.1421	0.1416	0.1429	0.1588			
		0.0429	0.1455	0.1544	0.1544	0.145	0.1533	0.1464	0.1438	0.1303	0.1444	0.1502			
		0.0432	0.7	0.7719	0.9376	0.7399	0.8489	0.6897	0.3532	0.1341	0.1461	0.1538			
		0.043	1.6235	2.0724	2.2279	2.185	2.142	2.0327	1.462	0.1666	0.1273	0.1593			
		0.0432	2.0382	1.9493	2.2625	2.2391	2.2712	2.292	2.0697	0.3521	0.1315	0.1324			
		0.0398	2.1284	2.2421	2.2277	2.1272	2.2456	2.2677	2.0498	0.3822	0.1363	0.1379			
															
		
~End
Plate:	HCC1954 R2 FLUVA/TBF	1.3	PlateFormat	Endpoint	Absorbance	Raw	FALSE	1						1	570	1	11	96	2	6	None	
	Temperature(¡C)	1	2	3	4	5	6	7	8	9	10	11	12		
	27.20														
		0.0577	0.1266	0.1293	0.1282	0.1432	0.1391	0.1327	0.136	0.1516	0.1489	0.1642			
		0.0444	0.1577	0.1439	0.1834	0.1527	0.1516	0.1674	0.146	0.1478	0.141	0.1477			
		0.0473	0.6448	0.7996	0.869	0.7733	0.9199	0.6036	0.3377	0.1393	0.1461	0.1537			
		0.043	2.0298	2.3207	2.3653	2.2886	2.2802	2.2501	1.642	0.1583	0.1427	0.164			
		0.0592	2.3091	2.0043	2.4074	2.4079	2.3563	2.3713	2.0712	0.3477	0.1334	0.1547			
		0.0438	2.351	2.3539	2.3726	2.3753	2.41	2.3318	2.2557	0.4682	0.1338	0.1684			
															
		
~End
Plate:	HCC1954 R3 FLUVA/TBF	1.3	PlateFormat	Endpoint	Absorbance	Raw	FALSE	1						1	570	1	11	96	2	6	None	
	Temperature(¡C)	1	2	3	4	5	6	7	8	9	10	11	12		
	27.20														
		0.0456	0.1314	0.1382	0.135	0.1409	0.1367	0.1397	0.1357	0.136	0.1373	0.1456			
		0.0458	0.1494	0.1483	0.1479	0.1456	0.1498	0.1379	0.1433	0.1233	0.1291	0.1379			
		0.0479	0.7016	0.8223	0.7995	0.7752	0.8116	0.6298	0.2558	0.1386	0.1315	0.1573			
		0.0432	2.1359	2.2468	2.3042	2.2039	2.1943	2.0064	1.8002	0.1409	0.1307	0.1617			
		0.0445	2.2764	1.9477	2.3368	2.3452	2.3525	2.4014	2.1346	0.2426	0.1302	0.1448			
		0.0415	2.386	2.3799	2.3539	2.3892	2.3262	2.3599	2.2409	0.4338	0.1381	0.1601			
															
		
~End
Plate:	HCC1806 R1 FLUVA/TBF	1.3	PlateFormat	Endpoint	Absorbance	Raw	FALSE	1						1	570	1	11	96	2	6	None	
	Temperature(¡C)	1	2	3	4	5	6	7	8	9	10	11	12		
	27.20														
		0.0458	0.1292	0.1317	0.1372	0.13	0.1338	0.1256	0.1266	0.142	0.1268	0.1495			
		0.0438	0.1335	0.1241	0.1378	0.1356	0.1279	0.1269	0.1479	0.1378	0.1318	0.1351			
		0.0442	0.15	0.1419	0.1504	0.1519	0.1363	0.1405	0.1374	0.1274	0.1469	0.1406			
		0.0434	0.468	0.5323	0.481	0.5173	0.4615	0.3986	0.2888	0.1352	0.1395	0.1414			
		0.0466	0.8282	0.6585	0.9464	0.8764	0.6907	0.8221	0.6603	0.1701	0.1314	0.1391			
		0.042	0.6161	0.6459	0.6687	0.6531	0.6929	0.7129	0.5936	0.2888	0.1292	0.1421			
															
		
~End
Plate:	HCC1806 R2 FLUVA/TBF	1.3	PlateFormat	Endpoint	Absorbance	Raw	FALSE	1						1	570	1	11	96	2	6	None	
	Temperature(¡C)	1	2	3	4	5	6	7	8	9	10	11	12		
	27.20														
		0.0459	0.1302	0.1569	0.1295	0.1393	0.139	0.1464	0.1447	0.1474	0.1456	0.1499			
		0.0436	0.1374	0.134	0.1532	0.1317	0.1315	0.1306	0.1323	0.1406	0.1417	0.1506			
		0.0434	0.1406	0.1454	0.1525	0.1577	0.1378	0.1356	0.1387	0.1252	0.1364	0.1732			
		0.0451	0.4131	0.4915	0.5384	0.4266	0.4126	0.3691	0.2946	0.1265	0.1344	0.1518			
		0.0426	0.7633	0.6119	0.7316	0.8054	0.7718	0.7897	0.7412	0.2112	0.1308	0.1416			
		0.0405	0.6542	0.6842	0.6467	0.6704	0.6691	0.6108	0.688	0.3515	0.1291	0.1436			
															
		
~End
Plate:	HCC1806 R3 FLUVA/TBF	1.3	PlateFormat	Endpoint	Absorbance	Raw	FALSE	1						1	570	1	11	96	2	6	None	
	Temperature(¡C)	1	2	3	4	5	6	7	8	9	10	11	12		
	27.20														
		0.0438	0.1271	0.1282	0.1248	0.1246	0.1277	0.1315	0.1361	0.1394	0.129	0.1316			
		0.0425	0.1279	0.1176	0.1334	0.1238	0.1254	0.1212	0.1194	0.1244	0.1252	0.1315			
		0.0421	0.1451	0.1406	0.1335	0.1338	0.1426	0.1288	0.1341	0.1264	0.1241	0.1601			
		0.0419	0.383	0.4124	0.3915	0.3702	0.4104	0.3021	0.221	0.1181	0.1262	0.1409			
		0.0409	0.6916	0.6089	0.6859	0.7478	0.6508	0.6602	0.7202	0.234	0.1254	0.1369			
		0.0397	0.5763	0.6403	0.6521	0.5794	0.6814	0.6529	0.5837	0.4391	0.1304	0.1485			
															
		
~End
Plate:	CAL51 R1 FLUVA/TBF	1.3	PlateFormat	Endpoint	Absorbance	Raw	FALSE	1						1	570	1	11	96	2	6	None	
	Temperature(¡C)	1	2	3	4	5	6	7	8	9	10	11	12		
	27.20														
		0.0469	0.121	0.1243	0.1218	0.1192	0.1166	0.1134	0.1217	0.121	0.1196	0.1346			
		0.0476	0.1269	0.1531	0.1287	0.1307	0.1375	0.126	0.1274	0.1241	0.125	0.1499			
		0.0438	0.3505	0.444	0.3939	0.4522	0.5081	0.4935	0.4332	0.161	0.1303	0.1509			
		0.0449	1.3707	1.2539	1.1707	1.2968	1.4624	1.4352	1.2244	0.2526	0.1239	0.1629			
		0.0419	1.7598	1.5203	1.9877	1.6685	1.9064	2.0618	1.8696	0.7137	0.1273	0.1597			
		0.0517	1.762	2.0626	1.9018	1.9672	1.9343	1.9916	1.4142	0.432	0.1217	0.1447			
															
		
~End
Plate:	CAL51 R2 FLUVA/TBF	1.3	PlateFormat	Endpoint	Absorbance	Raw	FALSE	1						1	570	1	11	96	2	6	None	
	Temperature(¡C)	1	2	3	4	5	6	7	8	9	10	11	12		
	27.20														
		0.0468	0.1159	0.1242	0.1164	0.1241	0.1234	0.1252	0.1216	0.124	0.1243	0.1325			
		0.0463	0.1231	0.1272	0.1335	0.1302	0.1254	0.136	0.121	0.1286	0.1319	0.129			
		0.0455	0.3613	0.4975	0.5576	0.3659	0.521	0.464	0.3618	0.1444	0.1404	0.144			
		0.0453	1.2304	1.3871	1.4595	1.466	1.4473	1.7531	1.4643	0.3678	0.1252	0.1403			
		0.0425	1.7293	1.6396	1.7793	1.9729	2.0881	2.0844	1.9678	0.8434	0.1328	0.1373			
		0.0408	2.0232	2.0252	1.8775	2.18	2.1247	2.1492	1.8449	0.6018	0.1268	0.1394			
															
		
~End
Plate:	CAL51 R3 FLUVA/TBF	1.3	PlateFormat	Endpoint	Absorbance	Raw	FALSE	1						1	570	1	11	96	2	6	None	
	Temperature(¡C)	1	2	3	4	5	6	7	8	9	10	11	12		
	27.20														
		0.046	0.1272	0.1204	0.1196	0.1155	0.1254	0.1259	0.1335	0.1359	0.1414	0.1488			
		0.0462	0.1359	0.1349	0.1522	0.1456	0.1404	0.1267	0.1288	0.1261	0.1379	0.1638			
		0.0472	0.5423	0.5659	0.5301	0.4664	0.491	0.7034	0.5163	0.1764	0.1346	0.1556			
		0.0428	1.618	1.454	1.4548	1.339	1.5924	1.5429	1.2846	0.3113	0.1353	0.1607			
		0.0429	2.1239	1.7127	1.9972	1.8834	2.0559	2.2206	2.1473	1.1336	0.1256	0.1588			
		0.0416	2.0992	2.2335	2.214	2.1281	2.275	2.0759	1.8421	0.4801	0.1245	0.157			
															
		
~End
Plate:	HCC1428 R1 FLUVA/TBF	1.3	PlateFormat	Endpoint	Absorbance	Raw	FALSE	1						1	570	1	11	96	2	6	None	
	Temperature(¡C)	1	2	3	4	5	6	7	8	9	10	11	12		
	27.20														
		0.0486	0.1955	0.2035	0.2049	0.2114	0.1662	0.2101	0.1593	0.1734	0.1655	0.1746			
		0.0454	0.7024	0.7763	0.7164	0.6861	0.5938	0.4542	0.2717	0.1564	0.1678	0.1772			
		0.0452	1.6911	1.5971	1.6533	1.5632	1.5674	1.3304	0.8737	0.1645	0.1708	0.1962			
		0.0439	2.1778	2.1071	2.1467	2.1434	2.0244	2.0849	1.3124	0.2105	0.1773	0.1782			
		0.0414	2.3208	1.9595	2.2414	2.2786	2.2179	2.1752	2.0538	0.3262	0.1636	0.172			
		0.0434	2.2334	2.2295	2.0305	2.1881	2.162	2.1093	1.7445	0.3841	0.1723	0.1723			
															
		
~End
Plate:	HCC1428 R2 FLUVA/TBF	1.3	PlateFormat	Endpoint	Absorbance	Raw	FALSE	1						1	570	1	11	96	2	6	None	
	Temperature(¡C)	1	2	3	4	5	6	7	8	9	10	11	12		
	27.30														
		0.0497	0.2161	0.2227	0.2247	0.2261	0.234	0.2168	0.2092	0.1877	0.161	0.1815			
		0.0461	0.6291	0.7501	0.7652	0.7106	0.6612	0.4833	0.252	0.1651	0.1739	0.1835			
		0.0485	1.6574	1.7144	1.7783	1.7485	1.77	1.3679	0.9687	0.1836	0.1751	0.1929			
		0.0474	2.1731	2.2056	2.2055	2.1504	2.1227	2.1252	1.3376	0.1916	0.1835	0.186			
		0.0448	2.2326	1.9321	2.2921	2.3227	2.3059	2.2833	2.0095	0.4788	0.1734	0.1789			
		0.0431	2.1789	2.2338	2.1017	2.2728	2.273	2.1025	1.8226	0.3708	0.1661	0.1793			
															
		
~End
Plate:	HCC1428 R3 FLUVA/TBF	1.3	PlateFormat	Endpoint	Absorbance	Raw	FALSE	1						1	570	1	11	96	2	6	None	
	Temperature(¡C)	1	2	3	4	5	6	7	8	9	10	11	12		
	27.30														
		0.0466	0.1982	0.1945	0.1985	0.1907	0.1934	0.1932	0.1754	0.1508	0.1584	0.1694			
		0.0484	0.6276	0.6079	0.6305	0.5592	0.5032	0.3823	0.2254	0.1522	0.1656	0.1838			
		0.0448	1.6229	1.5771	1.5916	1.6388	1.5541	1.2156	0.8103	0.1736	0.1688	0.1898			
		0.0466	2.1195	2.1493	2.1714	2.1307	2.065	2.0495	1.352	0.1912	0.1676	0.2042			
		0.0452	2.2309	1.9442	2.2023	2.1981	2.1738	2.2007	1.9436	0.3675	0.1576	0.1576			
		0.0419	2.1692	2.1489	2.0794	2.1783	2.1099	2.1412	1.7876	0.3737	0.1533	0.1666			
															
		
~End
Plate:	BT20 R1 FLUVA/TBF	1.3	PlateFormat	Endpoint	Absorbance	Raw	FALSE	1						1	570	1	11	96	2	6	None	
	Temperature(¡C)	1	2	3	4	5	6	7	8	9	10	11	12		
	27.30														
		0.0483	0.1499	0.1605	0.1459	0.1478	0.1497	0.1653	0.1635	0.1584	0.1613	0.1625			
		0.043	0.1543	0.1531	0.1625	0.1514	0.1488	0.1518	0.1576	0.1569	0.1712	0.177			
		0.0442	0.3433	0.3624	0.3492	0.3547	0.3493	0.2751	0.2843	0.1698	0.1821	0.1805			
		0.0458	0.7564	0.7627	0.8707	0.7829	0.8789	0.7622	0.4129	0.1572	0.1787	0.1634			
		0.0441	0.6539	0.5956	0.834	0.7702	0.9481	0.8498	0.7222	0.167	0.1696	0.171			
		0.0404	0.7038	0.7065	0.766	0.7811	0.9518	0.8853	0.5724	0.1581	0.1567	0.1804			
															
		
~End
Plate:	BT20 R2 FLUVA/TBF	1.3	PlateFormat	Endpoint	Absorbance	Raw	FALSE	1						1	570	1	11	96	2	6	None	
	Temperature(¡C)	1	2	3	4	5	6	7	8	9	10	11	12		
	27.30														
		0.0476	0.1517	0.158	0.1837	0.159	0.1707	0.1588	0.1655	0.1716	0.1576	0.171			
		0.0449	0.1554	0.1468	0.1654	0.1737	0.1485	0.164	0.1529	0.1565	0.1557	0.1688			
		0.0461	0.3341	0.3226	0.3197	0.3223	0.3094	0.254	0.1781	0.1588	0.1579	0.1935			
		0.0429	0.6888	0.7239	0.8256	0.7833	0.8758	0.7889	0.4429	0.1517	0.1507	0.1697			
		0.0418	0.7285	0.7148	0.8403	0.8385	0.8588	0.8746	0.713	0.1514	0.1828	0.1534			
		0.0429	0.6895	0.7304	0.7948	0.8979	0.8912	0.8987	0.6931	0.1745	0.1574	0.1451			
															
		
~End
Plate:	BT20 R3 FLUVA/TBF	1.3	PlateFormat	Endpoint	Absorbance	Raw	FALSE	1						1	570	1	11	96	2	6	None	
	Temperature(¡C)	1	2	3	4	5	6	7	8	9	10	11	12		
	27.30														
		0.0462	0.1389	0.1389	0.1304	0.1412	0.143	0.1415	0.1412	0.1481	0.1388	0.1487			
		0.0491	0.1445	0.1303	0.1421	0.1389	0.1445	0.1405	0.1417	0.1488	0.138	0.1517			
		0.0448	0.2833	0.2827	0.2771	0.3031	0.2892	0.2121	0.1655	0.1352	0.1459	0.1569			
		0.0468	0.5783	0.7112	0.7324	0.6997	0.692	0.6681	0.3517	0.138	0.135	0.147			
		0.0441	0.6114	0.5699	0.6591	0.7332	0.7571	0.8153	0.6417	0.1559	0.1469	0.148			
		0.0434	0.663	0.6074	0.7425	0.6706	0.7761	0.8502	0.5919	0.1712	0.1409	0.1474			
															
		
~End
Plate:	MDAMB231 R1 FLUVA/TBF	1.3	PlateFormat	Endpoint	Absorbance	Raw	FALSE	1						1	570	1	11	96	2	6	None	
	Temperature(¡C)	1	2	3	4	5	6	7	8	9	10	11	12		
	27.30														
		0.0457	0.1436	0.1522	0.1465	0.1594	0.1497	0.1542	0.1443	0.1505	0.1502	0.1582			
		0.0456	0.1491	0.1443	0.1502	0.1587	0.1558	0.1519	0.1557	0.1534	0.1784	0.1654			
		0.0464	0.1896	0.197	0.2052	0.1985	0.2113	0.1798	0.1637	0.1623	0.1529	0.1671			
		0.0449	0.6619	0.6886	0.7113	0.7366	0.7808	0.7392	0.6382	0.2323	0.183	0.1689			
		0.0465	1.7586	1.6627	1.8694	1.9143	1.6808	1.6488	1.7232	0.9886	0.1495	0.1509			
		0.0421	1.8452	1.8972	1.866	1.8402	1.787	2.0057	1.9648	1.5942	0.1515	0.1531			
															
		
~End
Plate:	MDAMB231 R2 FLUVA/TBF	1.3	PlateFormat	Endpoint	Absorbance	Raw	FALSE	1						1	570	1	11	96	2	6	None	
	Temperature(¡C)	1	2	3	4	5	6	7	8	9	10	11	12		
	27.30														
		0.0478	0.1344	0.1362	0.1421	0.1369	0.1461	0.1464	0.1477	0.1478	0.1438	0.1436			
		0.0436	0.1359	0.1459	0.1564	0.1479	0.1438	0.1518	0.1542	0.157	0.1472	0.1477			
		0.0441	0.1698	0.1865	0.201	0.2084	0.1979	0.1867	0.1584	0.1496	0.141	0.1724			
		0.0423	0.6276	0.6986	0.8467	0.7568	0.876	0.9176	0.6262	0.2541	0.1501	0.1682			
		0.0438	1.658	1.5699	1.9146	1.7977	1.9344	1.8202	1.7459	1.1348	0.1452	0.153			
		0.043	1.8752	1.974	1.8533	1.9798	2.121	2	2.079	1.3451	0.1442	0.159			
															
		
~End
Plate:	MDAMB231 R3 FLUVA/TBF	1.3	PlateFormat	Endpoint	Absorbance	Raw	FALSE	1						1	570	1	11	96	2	6	None	
	Temperature(¡C)	1	2	3	4	5	6	7	8	9	10	11	12		
	27.30														
		0.0467	0.1202	0.1493	0.1483	0.1451	0.1517	0.1559	0.1488	0.1511	0.1378	0.158			
		0.0467	0.1389	0.1403	0.1583	0.1562	0.1507	0.1539	0.1501	0.1519	0.152	0.1441			
		0.0444	0.1812	0.1834	0.1908	0.198	0.2114	0.1895	0.176	0.1572	0.1492	0.1759			
		0.0472	0.5846	0.6608	0.7816	0.8712	0.8839	0.8837	0.6304	0.2665	0.1461	0.174			
		0.0414	1.7579	1.5988	1.9125	1.8696	2.0377	1.9779	1.7669	0.944	0.1417	0.1481			
		0.0432	1.9158	2.1648	2.0439	2.1267	2.2013	2.0322	2.1075	1.6898	0.1476	0.1555			
															
		
~End
Plate:	HCC1419 R1 FLUVA/TBF	1.3	PlateFormat	Endpoint	Absorbance	Raw	FALSE	1						1	570	1	11	96	2	6	None	
	Temperature(¡C)	1	2	3	4	5	6	7	8	9	10	11	12		
	27.30														
		0.0482	0.6292	0.5484	0.671	0.6631	0.5522	0.6696	0.6167	0.3763	0.457	0.2015			
		0.0472	0.5928	0.5661	0.538	0.6088	0.5424	0.5067	0.3926	0.296	0.3342	0.1999			
		0.045	1.2774	1.1954	1.1035	1.2328	1.0556	0.951	0.6018	0.3176	0.2884	0.1939			
		0.0464	1.8359	1.9207	1.9884	1.9836	1.9665	1.7647	1.5109	0.5062	0.2009	0.1804			
		0.0458	2.1888	2.0703	2.2991	2.3165	2.275	2.2671	2.2164	1.299	0.2777	0.187			
		0.0481	2.2106	2.2674	2.2171	2.3117	2.2841	2.2645	2.2152	1.3267	0.3077	0.178			
															
		
~End
Plate:	HCC1419 R2 FLUVA/TBF	1.3	PlateFormat	Endpoint	Absorbance	Raw	FALSE	1						1	570	1	11	96	2	6	None	
	Temperature(¡C)	1	2	3	4	5	6	7	8	9	10	11	12		
	27.30														
		0.0507	0.7221	0.6455	0.7358	0.6901	0.7419	0.6697	0.6491	0.3819	0.4987	0.2175			
		0.0472	0.6024	0.6399	0.5376	0.5688	0.6349	0.5003	0.393	0.2941	0.3673	0.1981			
		0.0448	1.1975	1.3625	1.3644	1.2951	1.2299	1.0531	0.6539	0.3632	0.3086	0.2027			
		0.0441	2.1068	2.0682	2.0943	2.1187	2.0959	1.9379	1.5969	0.6561	0.2909	0.1969			
		0.0428	2.338	2.2611	2.3806	2.3787	2.3756	2.3872	2.3324	1.121	0.2577	0.1731			
		0.044	2.2571	2.387	2.3385	2.3863	2.392	2.3686	2.3032	1.2556	0.3153	0.185			
															
		
~End
Plate:	HCC1419 R3 FLUVA/TBF	1.3	PlateFormat	Endpoint	Absorbance	Raw	FALSE	1						1	570	1	11	96	2	6	None	
	Temperature(¡C)	1	2	3	4	5	6	7	8	9	10	11	12		
	27.30														
		0.0474	0.6139	0.6716	0.6342	0.6939	0.6637	0.5876	0.5901	0.4369	0.4842	0.2001			
		0.045	0.6923	0.5608	0.6199	0.5703	0.6215	0.5769	0.4462	0.2756	0.4026	0.1826			
		0.0438	1.2901	1.2987	1.3008	1.1837	1.2016	0.9793	0.6442	0.344	0.2856	0.191			
		0.0444	2.1129	2.2173	2.2016	2.2028	2.149	2.04	1.7337	0.7771	0.2827	0.1942			
		0.0418	2.3505	2.2419	2.354	2.3896	2.3943	2.3436	2.3314	1.3878	0.3348	0.1849			
		0.0419	2.3531	2.39	2.3774	2.371	2.3942	2.3792	2.3177	1.5337	0.3682	0.184			
															
		
~End
Plate:	HCC1395 R1 FLUVA/TBF	1.3	PlateFormat	Endpoint	Absorbance	Raw	FALSE	1						1	570	1	11	96	2	6	None	
	Temperature(¡C)	1	2	3	4	5	6	7	8	9	10	11	12		
	27.30														
		0.0466	0.2388	0.2465	0.2197	0.2318	0.2313	0.2686	0.2401	0.215	0.1796	0.1612			
		0.0464	0.2234	0.2406	0.2331	0.2403	0.2224	0.2113	0.2074	0.2033	0.1675	0.175			
		0.0456	0.27	0.2499	0.262	0.2798	0.2591	0.246	0.2333	0.1807	0.1625	0.1842			
		0.0438	0.5433	0.5684	0.6542	0.592	0.5935	0.5725	0.5635	0.3552	0.1708	0.1627			
		0.0444	2.5261	2.5484	2.5296	2.5298	2.4785	2.5128	2.4486	2.1364	0.169	0.1586			
		0.0443	2.5516	2.5445	2.5404	2.5512	2.547	2.5525	2.5253	2.4989	0.5758	0.1683			
															
		
~End
Plate:	HCC1395 R2 FLUVA/TBF	1.3	PlateFormat	Endpoint	Absorbance	Raw	FALSE	1						1	570	1	11	96	2	6	None	
	Temperature(¡C)	1	2	3	4	5	6	7	8	9	10	11	12		
	27.30														
		0.0471	0.2428	0.245	0.249	0.2523	0.2426	0.2559	0.2448	0.2506	0.1832	0.2012			
		0.0465	0.2362	0.2437	0.2294	0.2382	0.2439	0.2254	0.219	0.2048	0.1845	0.1801			
		0.0437	0.2545	0.2565	0.299	0.2715	0.2713	0.2717	0.2468	0.1996	0.1947	0.1873			
		0.041	0.5179	0.5959	0.6425	0.5661	0.6371	0.636	0.5567	0.4224	0.1871	0.1799			
		0.0414	2.5326	2.5561	2.5509	2.5477	2.5302	2.5339	2.4627	2.254	0.1737	0.1743			
		0.0425	2.5564	2.5502	2.5579	2.5588	2.5585	2.5607	2.5399	2.5024	0.6399	0.1814			
															
		
~End
Plate:	HCC1395 R3 FLUVA/TBF	1.3	PlateFormat	Endpoint	Absorbance	Raw	FALSE	1						1	570	1	11	96	2	6	None	
	Temperature(¡C)	1	2	3	4	5	6	7	8	9	10	11	12		
	27.30														
		0.045	0.2526	0.2577	0.2686	0.2656	0.277	0.2732	0.2798	0.2473	0.1902	0.1958			
		0.0448	0.2637	0.2342	0.2493	0.261	0.2514	0.235	0.2224	0.1888	0.1922	0.189			
		0.0431	0.2467	0.2698	0.2711	0.2772	0.3125	0.2528	0.2443	0.2109	0.193	0.1938			
		0.0447	0.457	0.5843	0.675	0.6774	0.6993	0.6641	0.5396	0.4099	0.1708	0.2191			
		0.0427	2.5545	2.563	2.5011	2.5437	2.5532	2.4791	2.3513	2.3819	0.1884	0.1876			
		0.04	2.574	2.5938	2.5597	2.5574	2.5685	2.5755	2.5555	2.5213	0.6214	0.1915			
															
		
~End
Plate:	CAMA1 R1 FLUVA/TBF	1.3	PlateFormat	Endpoint	Absorbance	Raw	FALSE	1						1	570	1	11	96	2	6	None	
	Temperature(¡C)	1	2	3	4	5	6	7	8	9	10	11	12		
	27.30														
		0.0473	0.6688	0.7066	0.7025	0.7029	0.6849	0.6746	0.6196	0.4763	0.1774	0.1784			
		0.0437	1.0396	0.9575	0.9499	0.9165	0.9059	0.8458	0.6807	0.3453	0.184	0.1833			
		0.0444	1.607	1.6162	1.6742	1.6983	1.6411	1.5542	1.4609	0.521	0.1734	0.1865			
		0.044	2.0429	2.0839	2.1277	2.0694	2.1085	2.1269	1.9062	1.1195	0.1912	0.2053			
		0.0418	2.1598	2.0197	1.862	2.2042	2.2286	2.1958	1.847	1.6487	0.1915	0.195			
		0.0403	2.1094	2.1514	2.0783	2.1349	2.1379	2.1331	2.1142	1.619	0.1842	0.187			
															
		
~End
Plate:	CAMA1 R2 FLUVA/TBF	1.3	PlateFormat	Endpoint	Absorbance	Raw	FALSE	1						1	570	1	11	96	2	6	None	
	Temperature(¡C)	1	2	3	4	5	6	7	8	9	10	11	12		
	27.30														
		0.0467	0.6151	0.6352	0.6199	0.6243	0.6171	0.5993	0.5982	0.4439	0.1349	0.1836			
		0.0452	0.9891	0.9176	0.9714	0.9681	0.8766	0.8592	0.6814	0.2966	0.1512	0.1736			
		0.0439	1.6388	1.6519	1.3579	1.6797	1.6605	1.5375	1.382	0.4827	0.143	0.1556			
		0.0453	2.0388	2.1171	2.1477	2.1175	2.1129	2.1209	1.9972	1.1832	0.1515	0.1572			
		0.0418	2.1372	1.7134	1.8774	2.2408	2.2159	2.1966	2.1431	1.6921	0.1714	0.1654			
		0.0414	2.088	2.164	2.1273	2.1435	2.1627	2.1781	2.1637	1.5179	0.1562	0.1647			
															
		
~End
Plate:	CAMA1 R3 FLUVA/TBF	1.3	PlateFormat	Endpoint	Absorbance	Raw	FALSE	1						1	570	1	11	96	2	6	None	
	Temperature(¡C)	1	2	3	4	5	6	7	8	9	10	11	12		
	27.30														
		0.0488	0.7513	0.7394	0.7404	0.6899	0.7334	0.7286	0.6913	0.5163	0.1969	0.2075			
		0.044	1.1884	1.135	1.1343	1.0922	1.0575	0.9581	0.7874	0.4035	0.1994	0.211			
		0.045	1.6465	1.7122	1.5849	1.6872	1.6168	1.6257	1.4107	0.5981	0.1819	0.2033			
		0.0439	2.0632	2.1833	2.2116	2.2006	2.1622	2.1231	2.0043	1.257	0.201	0.1954			
		0.0422	2.1761	2.0308	2.2598	2.0517	2.2641	2.2597	2.2236	1.7228	0.1893	0.1879			
		0.0423	2.1497	2.175	2.1408	2.2085	2.218	2.2385	2.1447	1.5034	0.1645	0.1853			
															
		
~End
Plate:	SKBR7 R1 FLUVA/TBF	1.3	PlateFormat	Endpoint	Absorbance	Raw	FALSE	1						1	570	1	11	96	2	6	None	
	Temperature(¡C)	1	2	3	4	5	6	7	8	9	10	11	12		
	27.30														
		0.0461	0.1551	0.1683	0.1602	0.167	0.1632	0.1591	0.1494	0.1485	0.1576	0.1687			
		0.0455	0.1913	0.1996	0.1987	0.1917	0.1907	0.1917	0.1847	0.1599	0.1614	0.1622			
		0.0422	0.3042	0.3232	0.373	0.3755	0.4112	0.4404	0.4166	0.1621	0.1626	0.1672			
		0.0427	0.8985	0.9763	1.0796	1.031	1.1054	1.206	1.1422	0.2019	0.1597	0.1733			
		0.0407	1.9124	1.7901	2.069	2.0798	2.0484	2.0758	2.0384	0.6923	0.1597	0.1426			
		0.0422	2.3075	2.3055	2.2943	2.3319	2.3253	2.2849	2.0991	0.5712	0.1495	0.1484			
															
		
~End
Plate:	SKBR7 R2 FLUVA/TBF	1.3	PlateFormat	Endpoint	Absorbance	Raw	FALSE	1						1	570	1	11	96	2	6	None	
	Temperature(¡C)	1	2	3	4	5	6	7	8	9	10	11	12		
	27.30														
		0.0461	0.1538	0.1691	0.1614	0.1725	0.1756	0.16	0.1472	0.15	0.1586	0.1654			
		0.0452	0.2012	0.1818	0.1976	0.2024	0.1888	0.1953	0.165	0.1565	0.158	0.1509			
		0.0436	0.3326	0.3426	0.3636	0.3761	0.3939	0.4596	0.426	0.1551	0.1625	0.1675			
		0.0441	0.8573	0.9389	1.0371	1.0484	1.0758	1.1807	1.1711	0.1844	0.1514	0.1694			
		0.0414	1.968	1.817	2.1325	2.068	2.1046	2.1014	2.0123	0.6564	0.1555	0.1571			
		0.043	2.3187	2.3352	2.3293	2.3788	2.3541	2.3047	2.182	1.1223	0.167	0.1568			
															
		
~End
Plate:	SKBR7 R3 FLUVA/TBF	1.3	PlateFormat	Endpoint	Absorbance	Raw	FALSE	1						1	570	1	11	96	2	6	None	
	Temperature(¡C)	1	2	3	4	5	6	7	8	9	10	11	12		
	27.30														
		0.0465	0.1445	0.1512	0.1652	0.1576	0.1663	0.1609	0.1599	0.1504	0.1486	0.1665			
		0.0456	0.1886	0.1778	0.1837	0.1842	0.1795	0.184	0.1718	0.1589	0.1559	0.1625			
		0.0453	0.3298	0.3366	0.3426	0.3594	0.3916	0.4411	0.4112	0.1548	0.1663	0.1717			
		0.0467	0.8883	0.9851	1.0827	1.0963	1.1774	1.2521	1.2854	0.1921	0.1599	0.1976			
		0.0434	2.0565	1.9673	2.1331	2.119	2.1028	2.0089	2.0605	0.7224	0.1588	0.1582			
		0.0438	2.3316	2.4167	2.3681	2.3827	2.3494	2.3483	2.2093	1.0106	0.1645	0.1694			
															
		
~End
Instrument type: Instrument serial number:
