##BLOCKS= 10         
Note:~End
Plate:	HS578T R1  FLUVA/TBF	1.3	PlateFormat	Endpoint	Absorbance	Raw	FALSE	1						1	570	1	11	96	2	6	None	
	Temperature(¡C)	1	2	3	4	5	6	7	8	9	10	11	12		
	27.50														
		0.0441	0.1351	0.1255	0.1222	0.1213	0.117	0.1167	0.1189	0.1164	0.1434	0.1123			
		0.0434	0.1844	0.2097	0.2466	0.2849	0.2662	0.3269	0.2587	0.1341	0.1404	0.105			
		0.0423	0.6758	0.7818	1.0999	1.1463	0.9845	1.1923	1.0425	0.6509	0.1533	0.0998			
		0.041	1.9699	2.1253	2.2931	2.2728	2.1931	2.319	2.2509	1.4995	0.2653	0.1008			
		0.0398	2.3903	2.3938	2.4267	2.4009	2.4403	2.4322	2.2063	1.5246	0.3129	0.0989			
		0.0395	2.3593	2.3222	2.3251	2.3584	2.3453	2.3464	2.2723	1.4288	0.3897	0.0974			
															
		
~End
Plate:	HS578T R2  FLUVA/TBF	1.3	PlateFormat	Endpoint	Absorbance	Raw	FALSE	1						1	570	1	11	96	2	6	None	
	Temperature(¡C)	1	2	3	4	5	6	7	8	9	10	11	12		
	27.50														
		0.0491	0.1285	0.1339	0.1168	0.1136	0.1129	0.1131	0.1037	0.103	0.1128	0.0996			
		0.0463	0.1898	0.1878	0.1945	0.2246	0.2232	0.2166	0.2144	0.131	0.1132	0.0957			
		0.0409	0.7198	0.7683	0.827	0.9583	1.0719	0.9623	0.9844	0.4128	0.137	0.0977			
		0.0423	1.9977	2.0659	2.1777	2.1664	2.1195	2.1889	2.028	1.0205	0.249	0.0943			
		0.04	2.4013	2.4168	2.4164	2.3906	2.415	2.4168	2.2731	1.5777	0.3395	0.0923			
		0.0384	2.3265	2.3299	2.3511	2.3571	2.3305	2.3537	2.2769	1.4881	0.4151	0.0981			
															
		
~End
Plate:	HS578T R3  FLUVA/TBF	1.3	PlateFormat	Endpoint	Absorbance	Raw	FALSE	1						1	570	1	11	96	2	6	None	
	Temperature(¡C)	1	2	3	4	5	6	7	8	9	10	11	12		
	27.50														
		0.0421	0.1154	0.1178	0.1112	0.1201	0.1142	0.1159	0.1156	0.1051	0.1117	0.0965			
		0.0415	0.1606	0.1731	0.1862	0.1775	0.1966	0.1772	0.1875	0.1281	0.1107	0.0961			
		0.043	0.5381	0.5827	0.6562	0.6624	0.6971	0.6889	0.8014	0.2962	0.1264	0.0938			
		0.0395	1.8981	2.0001	2.0435	2.0909	1.9312	2.0365	1.9673	1.0977	0.2468	0.0897			
		0.0397	2.3034	2.381	2.3888	2.387	2.3953	2.3726	2.178	1.2953	0.2986	0.0955			
		0.0417	2.3214	2.3245	2.3078	2.3138	2.3298	2.3145	2.2597	1.3828	0.3367	0.1022			
															
		
~End
Plate:	HCC1937 R1  FLUVA/TBF	1.3	PlateFormat	Endpoint	Absorbance	Raw	FALSE	1						1	570	1	11	96	2	6	None	
	Temperature(¡C)	1	2	3	4	5	6	7	8	9	10	11	12		
	27.50														
		0.043	0.2015	0.2181	0.2051	0.1845	0.1963	0.2052	0.1806	0.1355	0.1027	0.0984			
		0.0425	0.2219	0.2074	0.2094	0.2059	0.1911	0.1706	0.1388	0.1186	0.1061	0.0962			
		0.0422	0.5638	0.585	0.6165	0.5446	0.5844	0.4804	0.2462	0.1104	0.1009	0.0938			
		0.0423	1.2315	1.2877	1.3242	1.3152	1.2469	1.2355	0.7228	0.1364	0.0987	0.0984			
		0.0403	1.5665	1.6024	1.5618	1.5231	1.5564	1.5298	1.3189	0.1964	0.1053	0.1006			
		0.0412	1.5332	1.5107	1.518	1.5712	1.4791	1.4931	1.3858	0.3857	0.1091	0.1012			
															
		
~End
Plate:	HCC1937 R2  FLUVA/TBF	1.3	PlateFormat	Endpoint	Absorbance	Raw	FALSE	1						1	570	1	11	96	2	6	None	
	Temperature(¡C)	1	2	3	4	5	6	7	8	9	10	11	12		
	27.50														
		0.0419	0.1889	0.1885	0.1918	0.1904	0.1744	0.1967	0.1663	0.1372	0.1035	0.0957			
		0.0427	0.1933	0.1946	0.2084	0.1835	0.1826	0.1639	0.1403	0.1103	0.0974	0.0928			
		0.0397	0.5836	0.5651	0.5519	0.5538	0.5197	0.4252	0.2174	0.103	0.0986	0.0935			
		0.0392	1.2609	1.252	1.2803	1.2401	1.1761	1.1497	0.6465	0.1148	0.0942	0.0934			
		0.0392	1.6241	1.6377	1.6529	1.6104	1.6167	1.5392	1.1949	0.1705	0.0979	0.0933			
		0.0387	1.5828	1.613	1.5531	1.5924	1.5053	1.4944	1.4426	0.448	0.1067	0.0991			
															
		
~End
Plate:	HCC1937 R3  FLUVA/TBF	1.3	PlateFormat	Endpoint	Absorbance	Raw	FALSE	1						1	570	1	11	96	2	6	None	
	Temperature(¡C)	1	2	3	4	5	6	7	8	9	10	11	12		
	27.50														
		0.0429	0.1973	0.1903	0.2029	0.189	0.1872	0.1842	0.171	0.1331	0.098	0.0946			
		0.0421	0.2134	0.2067	0.2078	0.1821	0.1754	0.1636	0.1416	0.1163	0.0996	0.0938			
		0.0423	0.5442	0.5555	0.5331	0.5416	0.5128	0.4364	0.2334	0.1009	0.0963	0.0921			
		0.0393	1.2485	1.2739	1.3431	1.2899	1.2615	1.1798	0.6675	0.1121	0.0908	0.0927			
		0.0394	1.5991	1.5987	1.6448	1.6088	1.6234	1.5316	1.281	0.1841	0.1001	0.0958			
		0.04	1.5529	1.5791	1.5684	1.5873	1.5555	1.4116	1.3892	0.398	0.111	0.0958			
															
		
~End
Plate:	HCC1419 R1  FLUVA/TBF	1.3	PlateFormat	Endpoint	Absorbance	Raw	FALSE	1						1	570	1	11	96	2	6	None	
	Temperature(¡C)	1	2	3	4	5	6	7	8	9	10	11	12		
	27.50														
		0.0496	0.2794	0.3246	0.2521	0.2679	0.2294	0.2382	0.2366	0.2066	0.1728	0.1337			
		0.0432	0.2878	0.2943	0.2698	0.2684	0.249	0.2331	0.1933	0.1755	0.162	0.1341			
		0.0428	0.6564	0.6689	0.6447	0.5839	0.5639	0.436	0.2866	0.1825	0.1613	0.1074			
		0.0417	1.3889	1.4523	1.398	1.3855	1.3622	1.2565	0.9865	0.4003	0.1538	0.1191			
		0.041	2.5827	2.6095	2.6195	2.6139	2.5972	2.6024	2.5109	2.0932	0.1664	0.1199			
		0.039	2.6376	2.6373	2.6338	2.618	2.6398	2.6448	2.6546	2.6075	0.6897	0.3487			
															
		
~End
Plate:	HCC1419 R2  FLUVA/TBF	1.3	PlateFormat	Endpoint	Absorbance	Raw	FALSE	1						1	570	1	11	96	2	6	None	
	Temperature(¡C)	1	2	3	4	5	6	7	8	9	10	11	12		
	27.50														
		0.0455	0.2593	0.2595	0.2081	0.2477	0.2423	0.2198	0.2437	0.2298	0.188	0.1439			
		0.0424	0.2707	0.2753	0.2522	0.2452	0.2196	0.2425	0.2135	0.1899	0.1855	0.1596			
		0.0402	0.6684	0.7014	0.6304	0.6199	0.558	0.4073	0.3177	0.2047	0.1691	0.1258			
		0.0429	1.304	1.3534	1.3191	1.3167	1.302	1.1701	0.9294	0.4371	0.1679	0.1272			
		0.0404	2.6212	2.6281	2.5951	2.6219	2.5954	2.5808	2.4911	2.0978	0.1772	0.1292			
		0.0385	2.6527	2.6421	2.645	2.6463	2.6348	2.6282	2.6244	2.5953	0.6462	0.3636			
															
		
~End
Plate:	HCC1419 R3  FLUVA/TBF	1.3	PlateFormat	Endpoint	Absorbance	Raw	FALSE	1						1	570	1	11	96	2	6	None	
	Temperature(¡C)	1	2	3	4	5	6	7	8	9	10	11	12		
	27.60														
		0.0427	0.257	0.2651	0.2959	0.3122	0.2844	0.2791	0.2853	0.2742	0.2503	0.1823			
		0.044	0.2073	0.2694	0.3054	0.282	0.2387	0.2722	0.2666	0.2305	0.2312	0.1801			
		0.0425	0.6989	0.714	0.7587	0.7029	0.6891	0.5454	0.3654	0.2552	0.2058	0.1476			
		0.0418	1.4323	1.4958	1.5348	1.494	1.4403	1.2986	1.0419	0.5526	0.1601	0.1492			
		0.0411	2.612	2.6266	2.6146	2.6273	2.6128	2.5903	2.509	2.2007	0.1914	0.149			
		0.0426	2.6542	2.6508	2.6641	2.6508	2.6494	2.6406	2.6577	2.5998	0.7992	0.4227			
															
		
~End
Instrument type: Instrument serial number:
