##BLOCKS= 31         
Note:~End
Plate:	HDQP-1 R1 FLUVA/TBF	1.3	PlateFormat	Endpoint	Absorbance	Raw	FALSE	1						1	570	1	11	96	2	6	None	
	Temperature(¡C)	1	2	3	4	5	6	7	8	9	10	11	12		
	27.00														
		0.0465	0.1702	0.1801	0.1831	0.1816	0.2073	0.2058	0.1994	0.1603	0.1435	0.1224			
		0.0468	0.1743	0.2271	0.2566	0.2417	0.2382	0.2012	0.2126	0.1604	0.1306	0.1298			
		0.0442	0.3864	0.3735	0.5109	0.5436	0.5179	0.4274	0.2502	0.1597	0.123	0.1241			
		0.0444	0.6029	0.7367	0.7729	0.7107	0.7249	0.7512	0.4855	0.156	0.1406	0.115			
		0.0424	0.7665	0.8941	0.9186	0.8718	0.8827	0.8878	0.7982	0.1903	0.1239	0.1462			
		0.0402	0.7254	0.7034	0.6682	0.7388	0.7494	0.7401	0.7183	0.4098	0.1185	0.1331			
															
		
~End
Plate:	HDQP-1 R2 FLUVA/TBF	1.3	PlateFormat	Endpoint	Absorbance	Raw	FALSE	1						1	570	1	11	96	2	6	None	
	Temperature(¡C)	1	2	3	4	5	6	7	8	9	10	11	12		
	27.00														
		0.0461	0.1266	0.1508	0.1322	0.1441	0.1416	0.1302	0.1141	0.1144	0.1114	0.1051			
		0.0457	0.1524	0.1493	0.1715	0.1573	0.155	0.1469	0.118	0.1008	0.0986	0.0889			
		0.0432	0.3569	0.3309	0.371	0.3815	0.3406	0.3072	0.1802	0.0963	0.1064	0.0892			
		0.0427	0.5216	0.4921	0.5554	0.5982	0.6167	0.6228	0.3481	0.1005	0.0966	0.0918			
		0.0452	0.7042	0.7131	0.7458	0.7235	0.7324	0.7054	0.6312	0.1162	0.0896	0.0868			
		0.0388	0.6128	0.6232	0.598	0.6709	0.5645	0.6201	0.5776	0.2863	0.1024	0.0849			
															
		
~End
Plate:	HDQP-1 R3 FLUVA/TBF	1.3	PlateFormat	Endpoint	Absorbance	Raw	FALSE	1						1	570	1	11	96	2	6	None	
	Temperature(¡C)	1	2	3	4	5	6	7	8	9	10	11	12		
	27.00														
		0.0456	0.1156	0.1209	0.1229	0.1218	0.1253	0.1187	0.1139	0.1036	0.0997	0.1126			
		0.0446	0.1447	0.1589	0.1639	0.1645	0.1477	0.1341	0.1109	0.1042	0.1131	0.0953			
		0.0438	0.3333	0.3131	0.3136	0.318	0.4148	0.2922	0.2044	0.097	0.1006	0.1019			
		0.043	0.4121	0.5104	0.5336	0.5661	0.5843	0.5451	0.3306	0.0971	0.0942	0.0913			
		0.041	0.6537	0.6788	0.6999	0.6945	0.7261	0.6663	0.5962	0.1257	0.0959	0.0891			
		0.0422	0.4737	0.5249	0.4915	0.5497	0.5924	0.5141	0.5368	0.2857	0.0882	0.0892			
															
		
~End
Plate:	T47D R1 FLUVA/TBF	1.3	PlateFormat	Endpoint	Absorbance	Raw	FALSE	1						1	570	1	11	96	2	6	None	
	Temperature(¡C)	1	2	3	4	5	6	7	8	9	10	11	12		
	27.00														
		0.047	0.1168	0.122	0.1125	0.1149	0.1306	0.1283	0.1264	0.1277	0.1241	0.1145			
		0.0453	0.2605	0.2499	0.2876	0.2599	0.2408	0.2079	0.143	0.1263	0.1269	0.1074			
		0.0444	0.8194	0.8132	0.8217	0.7602	0.7203	0.5406	0.2393	0.1115	0.126	0.112			
		0.0437	0.9642	0.9294	0.893	0.9416	0.913	0.7754	0.4114	0.1139	0.1206	0.1096			
		0.0424	0.9526	0.9826	0.9527	0.9053	0.8895	0.8526	0.5339	0.1221	0.115	0.1074			
		0.0413	0.9661	0.9314	0.8992	0.9762	0.9155	0.8183	0.6564	0.1786	0.1047	0.1116			
															
		
~End
Plate:	T47D R2 FLUVA/TBF	1.3	PlateFormat	Endpoint	Absorbance	Raw	FALSE	1						1	570	1	11	96	2	6	None	
	Temperature(¡C)	1	2	3	4	5	6	7	8	9	10	11	12		
	27.00														
		0.048	0.1106	0.1264	0.1242	0.1173	0.12	0.1245	0.119	0.1196	0.1146	0.104			
		0.0445	0.2807	0.2683	0.3112	0.2735	0.267	0.2126	0.1463	0.1148	0.11	0.0935			
		0.0434	0.8364	0.7257	0.7941	0.7666	0.7481	0.5459	0.2838	0.099	0.1058	0.0917			
		0.0612	0.9215	0.9249	0.946	0.9214	0.8994	0.8634	0.5499	0.1086	0.1053	0.1076			
		0.0428	0.9643	0.9625	0.9545	0.9784	0.8817	0.9081	0.6169	0.1368	0.104	0.0916			
		0.0425	1.0309	0.9871	0.9668	0.9526	0.9061	0.86	0.7322	0.1898	0.091	0.093			
															
		
~End
Plate:	T47D R3 FLUVA/TBF	1.3	PlateFormat	Endpoint	Absorbance	Raw	FALSE	1						1	570	1	11	96	2	6	None	
	Temperature(¡C)	1	2	3	4	5	6	7	8	9	10	11	12		
	27.00														
		0.0451	0.1277	0.1445	0.1255	0.117	0.1292	0.1176	0.1192	0.1261	0.1227	0.1181			
		0.0456	0.2688	0.246	0.226	0.232	0.2058	0.1868	0.1393	0.1162	0.1256	0.1082			
		0.0462	0.779	0.7075	0.6532	0.6398	0.6269	0.4987	0.2062	0.1174	0.1231	0.1078			
		0.0442	0.8415	0.9064	0.8558	0.8338	0.7827	0.7139	0.2614	0.1056	0.1191	0.1076			
		0.0437	0.8899	0.9801	0.9072	0.8358	0.863	0.7692	0.4591	0.1115	0.1074	0.102			
		0.0431	0.9359	0.9025	0.8227	0.8722	0.7848	0.758	0.6176	0.1466	0.0994	0.1037			
															
		
~End
Plate:	MDAMB436 R1 FLUVA/TBF	1.3	PlateFormat	Endpoint	Absorbance	Raw	FALSE	1						1	570	1	11	96	2	6	None	
	Temperature(¡C)	1	2	3	4	5	6	7	8	9	10	11	12		
	27.00														
		0.0447	0.0916	0.094	0.0854	0.0913	0.0883	0.0948	0.0886	0.0872	0.0876	0.0853			
		0.0445	0.0925	0.095	0.0982	0.0951	0.1026	0.0893	0.0881	0.0813	0.0852	0.0793			
		0.0434	0.2687	0.3013	0.3113	0.2963	0.2986	0.2417	0.1998	0.0966	0.0939	0.0768			
		0.0427	0.6525	0.6307	0.5845	0.5875	0.6604	0.5723	0.4517	0.1872	0.0866	0.0872			
		0.0431	0.8238	0.7082	0.8326	0.7401	0.7153	0.6418	0.6568	0.3076	0.092	0.0899			
		0.0417	0.8475	0.7622	0.673	0.7395	0.6666	0.7759	0.6296	0.4368	0.1144	0.0965			
															
		
~End
Plate:	MDAMB436 R2 FLUVA/TBF	1.3	PlateFormat	Endpoint	Absorbance	Raw	FALSE	1						1	570	1	11	96	2	6	None	
	Temperature(¡C)	1	2	3	4	5	6	7	8	9	10	11	12		
	27.10														
		0.0458	0.1115	0.11	0.1056	0.1042	0.1027	0.1049	0.1097	0.1021	0.1104	0.1033			
		0.0456	0.1079	0.1073	0.1167	0.1178	0.1109	0.1144	0.1053	0.0987	0.1097	0.0981			
		0.0429	0.346	0.364	0.4132	0.4161	0.3987	0.3477	0.2144	0.1094	0.1241	0.1029			
		0.0432	0.645	0.6959	0.7199	0.6277	0.7051	0.5996	0.5325	0.2236	0.1178	0.1003			
		0.0407	0.7826	0.8522	0.8338	0.7759	0.8754	0.7926	0.7275	0.3681	0.1292	0.1021			
		0.0423	0.8982	0.8855	0.781	0.8657	0.801	0.7572	0.8058	0.571	0.1375	0.1042			
															
		
~End
Plate:	MDAMB436 R3 FLUVA/TBF	1.3	PlateFormat	Endpoint	Absorbance	Raw	FALSE	1						1	570	1	11	96	2	6	None	
	Temperature(¡C)	1	2	3	4	5	6	7	8	9	10	11	12		
	27.10														
		0.0465	0.0971	0.0967	0.1084	0.1178	0.1078	0.1044	0.0977	0.106	0.1011	0.1012			
		0.0526	0.108	0.1067	0.1128	0.1092	0.1238	0.1013	0.107	0.093	0.112	0.0916			
		0.0426	0.3283	0.3333	0.3286	0.3605	0.322	0.2749	0.2093	0.1011	0.1082	0.0901			
		0.0436	0.645	0.6551	0.7506	0.6792	0.6669	0.623	0.4907	0.1564	0.1069	0.0898			
		0.041	0.7859	0.8523	0.9004	0.8616	0.8011	0.8031	0.7363	0.4038	0.1106	0.1066			
		0.0425	0.9032	0.918	0.8426	0.9499	0.7933	0.8091	0.7962	0.4647	0.128	0.1149			
															
		
~End
Plate:	MCF7 R1 FLUVA/TBF	1.3	PlateFormat	Endpoint	Absorbance	Raw	FALSE	1						1	570	1	11	96	2	6	None	
	Temperature(¡C)	1	2	3	4	5	6	7	8	9	10	11	12		
	27.10														
		0.0453	0.1276	0.1289	0.1324	0.1219	0.1257	0.1226	0.1105	0.1115	0.1139	0.0922			
		0.047	0.5385	0.6104	0.5806	0.5307	0.5443	0.472	0.3699	0.1025	0.0994	0.0907			
		0.0427	0.7233	0.6878	0.7506	0.7338	0.6924	0.6931	0.5344	0.104	0.0984	0.0934			
		0.0541	0.7848	0.7193	0.7891	0.842	0.6928	0.7749	0.3465	0.1038	0.1057	0.0867			
		0.043	0.865	0.8568	0.8758	0.8345	0.8207	0.7322	0.4045	0.1189	0.0992	0.0891			
		0.0412	0.7906	0.8609	0.8285	0.8138	0.7883	0.6816	0.634	0.1067	0.0891	0.1021			
															
		
~End
Plate:	MCF7 R2 FLUVA/TBF	1.3	PlateFormat	Endpoint	Absorbance	Raw	FALSE	1						1	570	1	11	96	2	6	None	
	Temperature(¡C)	1	2	3	4	5	6	7	8	9	10	11	12		
	27.10														
		0.0458	0.1225	0.138	0.1318	0.1364	0.1365	0.1226	0.1124	0.105	0.1034	0.095			
		0.0436	0.5953	0.6062	0.5417	0.5653	0.5216	0.4805	0.3969	0.1132	0.1091	0.0893			
		0.0442	0.7432	0.7011	0.7039	0.7283	0.6894	0.6929	0.4857	0.0957	0.1037	0.0949			
		0.0433	0.7611	0.8067	0.755	0.7858	0.7497	0.6833	0.4203	0.1065	0.1072	0.0975			
		0.0423	0.7983	0.8045	0.8108	0.8813	0.7733	0.8333	0.4276	0.1245	0.1222	0.0895			
		0.0437	0.8097	0.9255	0.7775	0.8716	0.7626	0.694	0.686	0.1136	0.1035	0.0946			
															
		
~End
Plate:	MCF7 R3 FLUVA/TBF	1.3	PlateFormat	Endpoint	Absorbance	Raw	FALSE	1						1	570	1	11	96	2	6	None	
	Temperature(¡C)	1	2	3	4	5	6	7	8	9	10	11	12		
	27.10														
		0.0447	0.1315	0.1412	0.126	0.131	0.1416	0.1304	0.1156	0.1233	0.1184	0.0996			
		0.0436	0.4853	0.5011	0.5001	0.4977	0.5348	0.4109	0.3777	0.129	0.1106	0.0977			
		0.0443	0.6798	0.6559	0.6427	0.6619	0.6166	0.6286	0.5455	0.12	0.1285	0.1037			
		0.0424	0.6498	0.6831	0.7562	0.7182	0.7092	0.7521	0.3567	0.1188	0.117	0.0994			
		0.0407	0.6244	0.7511	0.8616	0.9368	0.8078	0.8374	0.3355	0.1292	0.1128	0.1024			
		0.0418	0.7503	0.7927	0.8917	0.7904	0.8423	0.8082	0.7204	0.1415	0.1169	0.1111			
															
		
~End
Plate:	MX1 R1 FLUVA/TBF	1.3	PlateFormat	Endpoint	Absorbance	Raw	FALSE	1						1	570	1	11	96	2	6	None	
	Temperature(¡C)	1	2	3	4	5	6	7	8	9	10	11	12		
	27.10														
		0.0499	0.0876	0.0884	0.0896	0.0907	0.0852	0.0883	0.0816	0.0823	0.0847	0.0838			
		0.0443	0.1054	0.093	0.0982	0.1066	0.0976	0.0884	0.089	0.0787	0.094	0.0794			
		0.0443	0.4046	0.2511	0.3555	0.3699	0.3459	0.294	0.1835	0.089	0.085	0.079			
		0.0476	0.4815	0.4856	0.4968	0.462	0.4653	0.4359	0.4002	0.2917	0.0912	0.0824			
		0.0481	0.4855	0.4853	0.4882	0.4673	0.4862	0.4647	0.4205	0.3137	0.1154	0.0954			
		0.0426	0.4742	0.5486	0.5126	0.5314	0.5063	0.4893	0.4155	0.3391	0.2152	0.1007			
															
		
~End
Plate:	MX1 R2 FLUVA/TBF	1.3	PlateFormat	Endpoint	Absorbance	Raw	FALSE	1						1	570	1	11	96	2	6	None	
	Temperature(¡C)	1	2	3	4	5	6	7	8	9	10	11	12		
	27.10														
		0.0449	0.1411	0.1671	0.154	0.1383	0.1365	0.14	0.1231	0.1256	0.112	0.1078			
		0.0552	0.1446	0.146	0.1362	0.1535	0.1663	0.1569	0.1366	0.1129	0.1118	0.0967			
		0.0428	0.5254	0.4983	0.5189	0.5034	0.4865	0.4412	0.2818	0.153	0.1261	0.1005			
		0.0446	0.7052	0.7075	0.7334	0.718	0.7346	0.6514	0.5853	0.4243	0.1507	0.1025			
		0.0425	0.7563	0.7907	0.7795	0.7682	0.715	0.6963	0.6296	0.5061	0.1567	0.11			
		0.0565	0.7297	0.7152	0.7421	0.7176	0.6923	0.6773	0.6463	0.5374	0.2871	0.1211			
															
		
~End
Plate:	MX1 R3 FLUVA/TBF	1.3	PlateFormat	Endpoint	Absorbance	Raw	FALSE	1						1	570	1	11	96	2	6	None	
	Temperature(¡C)	1	2	3	4	5	6	7	8	9	10	11	12		
	27.10														
		0.0441	0.1187	0.1416	0.1262	0.1176	0.1274	0.1378	0.1341	0.1276	0.1033	0.1037			
		0.0438	0.1462	0.1534	0.1789	0.1842	0.1682	0.1665	0.1326	0.1205	0.1174	0.1042			
		0.0423	0.5815	0.5459	0.5189	0.5515	0.5003	0.4544	0.3381	0.1718	0.136	0.1036			
		0.0425	0.6063	0.6699	0.6445	0.5972	0.6218	0.5664	0.5144	0.4491	0.1686	0.1123			
		0.0415	0.6743	0.7309	0.6932	0.6933	0.6804	0.62	0.5908	0.5152	0.1975	0.1179			
		0.0415	0.7137	0.6469	0.6309	0.6479	0.5707	0.6382	0.5659	0.4748	0.2608	0.1281			
															
		
~End
Plate:	OCUB-M R1 FLUVA/TBF	1.3	PlateFormat	Endpoint	Absorbance	Raw	FALSE	1						1	570	1	11	96	2	6	None	
	Temperature(¡C)	1	2	3	4	5	6	7	8	9	10	11	12		
	27.10														
		0.0447	0.102	0.1009	0.0969	0.1054	0.094	0.092	0.0917	0.0892	0.109	0.1031			
		0.044	0.1407	0.1216	0.1253	0.1201	0.1192	0.1148	0.1038	0.0887	0.089	0.0925			
		0.0426	0.2779	0.2456	0.2512	0.2706	0.2533	0.2076	0.1564	0.0926	0.0962	0.0886			
		0.0426	0.4562	0.4267	0.4523	0.4073	0.4035	0.3335	0.2525	0.0948	0.0916	0.0893			
		0.043	0.4952	0.4389	0.4537	0.4276	0.4326	0.3829	0.2788	0.0928	0.0887	0.0873			
		0.0403	0.4435	0.4547	0.4288	0.3911	0.4186	0.3541	0.3072	0.0874	0.0923	0.0908			
															
		
~End
Plate:	OCUB-M R2 FLUVA/TBF	1.3	PlateFormat	Endpoint	Absorbance	Raw	FALSE	1						1	570	1	11	96	2	6	None	
	Temperature(¡C)	1	2	3	4	5	6	7	8	9	10	11	12		
	27.10														
		0.0455	0.2127	0.1196	0.1141	0.1131	0.1218	0.1149	0.1115	0.1072	0.1088	0.1042			
		0.0441	0.2807	0.1416	0.1678	0.1441	0.1469	0.1283	0.1156	0.1185	0.1119	0.1026			
		0.0448	0.3091	0.3036	0.2898	0.2818	0.2826	0.2332	0.1873	0.1228	0.1145	0.0968			
		0.043	0.492	0.4886	0.4189	0.4125	0.3971	0.3536	0.283	0.1216	0.1127	0.1041			
		0.0432	0.4647	0.4839	0.4719	0.4306	0.4539	0.4139	0.2433	0.1144	0.1069	0.1108			
		0.041	0.4952	0.4828	0.5315	0.4526	0.4698	0.4057	0.3382	0.1075	0.1059	0.1023			
															
		
~End
Plate:	OCUB-M R3 FLUVA/TBF	1.3	PlateFormat	Endpoint	Absorbance	Raw	FALSE	1						1	570	1	11	96	2	6	None	
	Temperature(¡C)	1	2	3	4	5	6	7	8	9	10	11	12		
	27.20														
		0.0445	0.1199	0.1162	0.1046	0.105	0.1285	0.1127	0.112	0.1138	0.1022	0.0998			
		0.0461	0.134	0.143	0.1414	0.1336	0.1372	0.1242	0.1205	0.1049	0.1078	0.0962			
		0.0469	0.2672	0.2612	0.2391	0.2669	0.2725	0.2281	0.1732	0.1043	0.1131	0.1044			
		0.0428	0.3985	0.4125	0.4081	0.4103	0.3761	0.3312	0.2451	0.1046	0.1265	0.1048			
		0.0424	0.43	0.4089	0.45	0.4583	0.4266	0.3845	0.2942	0.1001	0.108	0.0986			
		0.0408	0.4132	0.4478	0.4383	0.4175	0.3857	0.3682	0.2971	0.105	0.1002	0.1			
															
		
~End
Plate:	AU565 R1 FLUVA/TBF	1.3	PlateFormat	Endpoint	Absorbance	Raw	FALSE	1						1	570	1	11	96	2	6	None	
	Temperature(¡C)	1	2	3	4	5	6	7	8	9	10	11	12		
	27.20														
		0.0469	0.1157	0.1283	0.1367	0.1389	0.1145	0.1299	0.1283	0.1278	0.1197	0.1199			
		0.0458	0.1399	0.1385	0.1472	0.1431	0.1595	0.1204	0.1674	0.1218	0.1239	0.1084			
		0.0445	0.6669	0.5517	0.634	0.6889	0.7058	0.5125	0.5379	0.282	0.1294	0.1132			
		0.0543	1.2161	1.2109	1.2602	1.2984	1.3256	1.337	1.005	0.5806	0.2134	0.12			
		0.0409	1.4907	1.372	1.3743	1.4961	1.4083	1.2192	1.2075	0.9096	0.3795	0.1286			
		0.0411	1.4687	1.4022	1.5044	1.3727	1.4049	1.3691	1.3051	0.8568	0.2657	0.1277			
															
		
~End
Plate:	AU565 R2 FLUVA/TBF	1.3	PlateFormat	Endpoint	Absorbance	Raw	FALSE	1						1	570	1	11	96	2	6	None	
	Temperature(¡C)	1	2	3	4	5	6	7	8	9	10	11	12		
	27.20														
		0.0463	0.1098	0.1161	0.1145	0.1161	0.1247	0.1204	0.1151	0.1189	0.1223	0.1141			
		0.0451	0.1063	0.1182	0.1274	0.1342	0.1207	0.1304	0.1168	0.1126	0.1083	0.0976			
		0.0445	0.8179	0.6299	0.6029	0.5984	0.5663	0.4445	0.2865	0.1321	0.1078	0.0962			
		0.042	1.4267	1.2939	1.2476	1.3145	1.2614	1.103	0.9823	0.6891	0.2388	0.0998			
		0.0436	1.4386	1.3621	1.4977	1.3454	1.3992	1.3122	1.1792	0.9124	0.3372	0.1143			
		0.0416	1.491	1.4459	1.3783	1.4703	1.4304	1.3574	1.2501	0.8295	0.2487	0.1124			
															
		
~End
Plate:	AU565 R3 FLUVA/TBF	1.3	PlateFormat	Endpoint	Absorbance	Raw	FALSE	1						1	570	1	11	96	2	6	None	
	Temperature(¡C)	1	2	3	4	5	6	7	8	9	10	11	12		
	27.20														
		0.0472	0.1201	0.134	0.1236	0.1226	0.1252	0.1217	0.1198	0.1159	0.1102	0.108			
		0.0457	0.1406	0.1392	0.132	0.1352	0.1337	0.1263	0.1356	0.1156	0.1204	0.1035			
		0.0455	0.6327	0.5459	0.5421	0.5068	0.5366	0.4128	0.2799	0.1456	0.1278	0.1027			
		0.0468	0.8324	0.9589	1.0198	1.0091	0.8981	0.9367	0.7943	0.5111	0.1979	0.1083			
		0.043	1.0548	1.0969	1.2914	1.2423	1.1465	1.2266	0.9878	0.7458	0.3395	0.1092			
		0.0417	1.0375	1.2437	1.2819	1.1622	1.1898	1.2657	0.9761	0.7399	0.1952	0.1206			
															
		
~End
Plate:	SUM149 R1 FLUVA/TBF	1.3	PlateFormat	Endpoint	Absorbance	Raw	FALSE	1						1	570	1	11	96	2	6	None	
	Temperature(¡C)	1	2	3	4	5	6	7	8	9	10	11	12		
	27.20														
		0.0465	0.0729	0.0754	0.0722	0.0694	0.0706	0.069	0.0728	0.0726	0.0763	0.0791			
		0.045	0.0983	0.0955	0.1054	0.099	0.0936	0.0835	0.0769	0.069	0.0759	0.0718			
		0.0426	0.2437	0.2336	0.2319	0.208	0.2166	0.1858	0.1193	0.0703	0.0808	0.0706			
		0.0414	0.507	0.491	0.5071	0.4848	0.4597	0.4042	0.23	0.0753	0.0797	0.0732			
		0.0433	0.6526	0.6464	0.6466	0.6461	0.6249	0.5268	0.2846	0.0843	0.0814	0.0723			
		0.0409	0.6147	0.622	0.6759	0.628	0.6717	0.5248	0.4486	0.0985	0.0824	0.0813			
															
		
~End
Plate:	SUM149 R2 FLUVA/TBF	1.3	PlateFormat	Endpoint	Absorbance	Raw	FALSE	1						1	570	1	11	96	2	6	None	
	Temperature(¡C)	1	2	3	4	5	6	7	8	9	10	11	12		
	27.20														
		0.0452	0.0754	0.0753	0.0727	0.0713	0.0755	0.0746	0.0756	0.0736	0.0851	0.081			
		0.0449	0.1051	0.1123	0.1106	0.1055	0.1022	0.094	0.0949	0.0755	0.0811	0.0742			
		0.0433	0.2649	0.2194	0.2567	0.2672	0.2418	0.2045	0.1336	0.0779	0.0791	0.0709			
		0.0454	0.5169	0.5256	0.493	0.4944	0.4625	0.4116	0.2511	0.0783	0.0781	0.0749			
		0.0433	0.6683	0.6466	0.6596	0.648	0.6396	0.5481	0.3415	0.08	0.0841	0.0704			
		0.0393	0.7276	0.7057	0.6852	0.7097	0.6785	0.6551	0.5036	0.1145	0.0846	0.0779			
															
		
~End
Plate:	SUM149 R3 FLUVA/TBF	1.3	PlateFormat	Endpoint	Absorbance	Raw	FALSE	1						1	570	1	11	96	2	6	None	
	Temperature(¡C)	1	2	3	4	5	6	7	8	9	10	11	12		
	27.20														
		0.0448	0.0922	0.0944	0.0959	0.1002	0.1013	0.094	0.0906	0.087	0.0998	0.0929			
		0.0489	0.1306	0.1368	0.1407	0.142	0.1396	0.1269	0.1118	0.0926	0.0978	0.0885			
		0.0472	0.4046	0.3444	0.4095	0.3775	0.3772	0.3049	0.2002	0.0917	0.0979	0.0887			
		0.0435	0.7727	0.8092	0.7833	0.8014	0.8003	0.6802	0.3559	0.0996	0.0965	0.0884			
		0.0486	1.0323	1.0377	1.0373	1.0536	1.0237	0.9094	0.5484	0.1098	0.1011	0.0913			
		0.0422	1.0143	0.992	1.0339	1.1555	1.041	0.9187	0.7587	0.1369	0.101	0.0962			
															
		
~End
Plate:	LY2 R1 FLUVA/TBF	1.3	PlateFormat	Endpoint	Absorbance	Raw	FALSE	1						1	570	1	11	96	2	6	None	
	Temperature(¡C)	1	2	3	4	5	6	7	8	9	10	11	12		
	27.20														
		0.0437	0.2031	0.1541	0.1836	0.1632	0.1672	0.182	0.1606	0.1119	0.0892	0.0954			
		0.0432	0.7907	0.736	0.6999	0.7075	0.6824	0.6264	0.5664	0.1106	0.0856	0.0809			
		0.0438	1.0601	0.9975	0.9952	1	0.9716	0.9957	0.8892	0.143	0.0992	0.0825			
		0.0414	1.0111	1.1041	1.1732	0.9746	0.9831	1.0607	0.7763	0.1535	0.0945	0.0795			
		0.0425	1.1828	1.2328	1.1724	1.1552	1.1145	1.1461	0.8846	0.1884	0.1002	0.0858			
		0.0423	1.3191	1.3974	1.3802	1.4466	1.2779	1.1589	1.1925	0.1863	0.1016	0.099			
															
		
~End
Plate:	LY2 R2 FLUVA/TBF	1.3	PlateFormat	Endpoint	Absorbance	Raw	FALSE	1						1	570	1	11	96	2	6	None	
	Temperature(¡C)	1	2	3	4	5	6	7	8	9	10	11	12		
	27.20														
		0.0468	0.175	0.2064	0.1486	0.1833	0.1823	0.1647	0.175	0.1133	0.1046	0.103			
		0.0449	0.7747	0.7976	0.8653	0.8226	0.7695	0.7457	0.624	0.1338	0.1019	0.0928			
		0.043	0.9305	1.0343	1.0834	1.0392	0.9797	0.9074	0.816	0.1312	0.0956	0.0893			
		0.0435	1.0114	0.9649	1.0807	1.086	1.0558	0.9476	0.5782	0.1522	0.1025	0.0934			
		0.0426	1.0444	1.0828	1.1159	1.0585	0.9491	0.9886	0.8269	0.1633	0.1013	0.0872			
		0.0415	1.0598	1.1881	1.1341	1.2361	1.1591	1.0918	0.993	0.1653	0.0968	0.0971			
															
		
~End
Plate:	LY2 R3 FLUVA/TBF	1.3	PlateFormat	Endpoint	Absorbance	Raw	FALSE	1						1	570	1	11	96	2	6	None	
	Temperature(¡C)	1	2	3	4	5	6	7	8	9	10	11	12		
	27.20														
		0.0446	0.3522	0.3202	0.3348	0.3396	0.2911	0.3465	0.3537	0.2433	0.1982	0.1401			
		0.0441	1.0877	1.1044	1.1436	1.1233	1.1034	1.0096	0.8532	0.2456	0.163	0.1541			
		0.0437	1.4862	1.5273	1.5337	1.6059	1.7019	1.5252	1.4849	0.9189	0.2011	0.1384			
		0.0415	1.6536	1.7096	1.6755	1.602	1.6649	1.6697	1.4951	0.3702	0.2052	0.1206			
		0.043	1.7711	1.6955	1.7109	1.8397	1.8206	1.6144	1.4981	0.4049	0.219	0.1262			
		0.0425	1.8645	1.7514	1.9308	2.0079	2.008	1.7446	1.6426	0.3313	0.1689	0.1373			
															
		
~End
Plate:	HCC38 R1 FLUVA/TBF	1.3	PlateFormat	Endpoint	Absorbance	Raw	FALSE	1						1	570	1	11	96	2	6	None	
	Temperature(¡C)	1	2	3	4	5	6	7	8	9	10	11	12		
	27.20														
		0.0454	0.1399	0.1222	0.122	0.1168	0.1282	0.1205	0.107	0.1084	0.1025	0.1143			
		0.0457	0.1498	0.162	0.163	0.1746	0.1521	0.1391	0.1212	0.1188	0.1253	0.0969			
		0.0428	0.3389	0.3546	0.4011	0.3648	0.3958	0.3219	0.225	0.1189	0.1313	0.1008			
		0.0434	0.7754	0.8012	0.8186	0.8062	0.7463	0.7097	0.578	0.1497	0.1379	0.1007			
		0.0414	0.9457	1.0443	1.0601	1.0206	0.9078	0.9143	0.7663	0.1774	0.131	0.1064			
		0.0412	0.8771	0.8989	0.8487	0.8871	0.9116	0.8251	0.7431	0.3997	0.1286	0.1084			
															
		
~End
Plate:	HCC38 R2 FLUVA/TBF	1.3	PlateFormat	Endpoint	Absorbance	Raw	FALSE	1						1	570	1	11	96	2	6	None	
	Temperature(¡C)	1	2	3	4	5	6	7	8	9	10	11	12		
	27.20														
		0.0446	0.1054	0.122	0.1143	0.1182	0.1208	0.1124	0.1142	0.1094	0.106	0.0933			
		0.0454	0.1434	0.1474	0.1564	0.1389	0.1498	0.1311	0.1277	0.1114	0.1121	0.106			
		0.0437	0.3142	0.3498	0.3444	0.3907	0.3798	0.3397	0.2495	0.1106	0.1114	0.0917			
		0.0428	0.7029	0.6574	0.7102	0.6296	0.6081	0.583	0.4261	0.1182	0.1117	0.0965			
		0.0432	0.9278	0.9712	0.945	0.9696	0.9432	0.8804	0.8174	0.1462	0.114	0.0964			
		0.0416	0.818	0.943	0.9511	0.9275	0.8959	0.8589	0.7755	0.4265	0.1137	0.106			
															
		
~End
Plate:	HCC38 R3 FLUVA/TBF	1.3	PlateFormat	Endpoint	Absorbance	Raw	FALSE	1						1	570	1	11	96	2	6	None	
	Temperature(¡C)	1	2	3	4	5	6	7	8	9	10	11	12		
	27.30														
		0.0458	0.1012	0.1102	0.1097	0.1092	0.1137	0.1057	0.0939	0.0949	0.1028	0.0863			
		0.0452	0.1228	0.1428	0.1325	0.1537	0.1264	0.1237	0.1105	0.1014	0.0947	0.0849			
		0.0434	0.3713	0.3685	0.418	0.4189	0.4532	0.3759	0.3229	0.0966	0.1002	0.0848			
		0.0429	0.7509	0.8824	0.8928	0.8991	0.8683	0.7993	0.6723	0.1123	0.0881	0.0867			
		0.0431	0.9603	1.0562	1.0657	1.0367	1.021	0.8944	0.808	0.1257	0.1066	0.0839			
		0.0458	0.8945	0.9699	0.8922	0.9512	0.9622	0.8257	0.8311	0.3494	0.095	0.0843			
															
		
~End
Instrument type: Instrument serial number:
