##BLOCKS= 49         
Note:~End
Plate:	MACLS2 R1 FLUVA/TBF	1.3	PlateFormat	Endpoint	Absorbance	Raw	FALSE	1						1	538	1	11	96	2	6	None	
	Temperature(¡C)	1	2	3	4	5	6	7	8	9	10	11	12		
	28.10														
		0.0437	0.1141	0.1014	0.1007	0.1002	0.0908	0.0953	0.089	0.0958	0.0985	0.0911			
		0.0416	0.1221	0.1006	0.3331	0.376	0.1719	0.4127	0.2404	0.1849	0.1017	0.085			
		0.0402	0.3084	0.3155	0.673	0.6091	0.5277	0.3371	0.5005	0.3587	0.098	0.0855			
		0.0396	0.7425	0.8526	0.855	1.0333	1.0984	0.8174	0.8234	0.41	0.092	0.0826			
		0.0401	1.0864	1.0675	1.0464	1.0757	1.1476	1.0658	0.82	0.1343	0.0896	0.0802			
		0.0382	1.0519	1.0214	0.9736	1.0886	1.0149	1.0428	0.9661	0.2251	0.1047	0.0868			
															
		
~End
Plate:	MACLS2 R2 FLUVA/TBF	1.3	PlateFormat	Endpoint	Absorbance	Raw	FALSE	1						1	538	1	11	96	2	6	None	
	Temperature(¡C)	1	2	3	4	5	6	7	8	9	10	11	12		
	28.10														
		0.045	0.0999	0.0925	0.0957	0.0938	0.1079	0.1006	0.0968	0.0981	0.0983	0.108			
		0.0423	0.1118	0.099	0.1066	0.1058	0.1149	0.1061	0.1114	0.0988	0.108	0.0941			
		0.0409	0.3068	0.3345	0.3498	0.5586	0.5753	0.543	0.4761	0.1336	0.1072	0.0895			
		0.0434	0.7257	0.7665	0.8461	0.8397	0.9686	0.9877	0.7952	0.1284	0.1084	0.0946			
		0.0391	0.96	1.0292	0.9609	0.9763	0.9795	0.9914	0.6938	0.1219	0.1132	0.0987			
		0.0382	0.9334	0.9738	0.9451	1.0622	0.9886	0.9871	0.8775	0.2086	0.1144	0.1008			
															
		
~End
Plate:	MACLS2 R3 FLUVA/TBF	1.3	PlateFormat	Endpoint	Absorbance	Raw	FALSE	1						1	538	1	11	96	2	6	None	
	Temperature(¡C)	1	2	3	4	5	6	7	8	9	10	11	12		
	28.10														
		0.0432	0.0955	0.0941	0.0922	0.0906	0.0934	0.1005	0.0927	0.0974	0.0948	0.1052			
		0.0418	0.1075	0.107	0.1082	0.1027	0.1145	0.1108	0.1098	0.0973	0.097	0.0881			
		0.0404	0.2931	0.3001	0.3269	0.3287	0.347	0.2904	0.2031	0.0975	0.0914	0.0946			
		0.0404	0.5091	0.6168	0.6802	0.6853	0.7153	0.6247	0.4998	0.1017	0.0911	0.0839			
		0.0391	0.9022	0.9151	0.8773	0.9095	1.0093	0.9362	0.5738	0.1061	0.0898	0.0873			
		0.0394	0.9003	0.9652	0.9382	0.981	0.9408	0.9286	0.8638	0.2188	0.0974	0.0897			
															
		
~End
Plate:	SKBR3 R1 FLUVA/TBF	1.3	PlateFormat	Endpoint	Absorbance	Raw	FALSE	1						1	538	1	11	96	2	6	None	
	Temperature(¡C)	1	2	3	4	5	6	7	8	9	10	11	12		
	28.20														
		0.0479	0.1284	0.1361	0.1174	0.1164	0.1262	0.4389	0.1236	0.1128	0.1121	0.137			
		0.0439	0.1752	0.1668	0.1633	0.1633	0.1715	0.1368	0.1262	0.1084	0.1177	0.1103			
		0.0414	0.4648	0.4329	0.4613	0.4466	0.4284	0.3312	0.2291	0.1048	0.1138	0.0933			
		0.043	0.9157	0.8933	0.9077	0.8537	0.8505	0.748	0.5545	0.2311	0.1126	0.0984			
		0.0384	1.2172	1.1978	1.2905	1.1835	1.1785	1.1108	0.9461	0.5053	0.121	0.1039			
		0.0413	1.322	1.2787	1.2019	1.2696	1.2312	2.0414	0.9849	0.6201	0.1266	0.1034			
															
		
~End
Plate:	SKBR3 R2 FLUVA/TBF	1.3	PlateFormat	Endpoint	Absorbance	Raw	FALSE	1						1	538	1	11	96	2	6	None	
	Temperature(¡C)	1	2	3	4	5	6	7	8	9	10	11	12		
	28.20														
		0.0429	0.1558	0.1423	0.145	0.1404	0.1391	0.1303	0.1226	0.1274	0.1235	0.1236			
		0.0422	0.196	0.1714	0.1946	0.1662	0.1707	0.1297	0.1303	0.107	0.1248	0.1106			
		0.0402	0.4635	0.4476	0.4763	0.4656	0.4203	0.3264	0.2277	0.1111	0.1181	0.1052			
		0.0394	0.9317	0.9645	0.9286	0.951	0.861	0.7403	0.6117	0.2732	0.1254	0.1128			
		0.0385	1.2932	1.3548	1.2791	1.2529	1.1985	1.1072	0.9105	0.5098	0.1411	0.1079			
		0.0409	1.2787	1.3116	1.2831	1.3508	1.3151	1.1857	0.9973	0.6164	0.1409	0.1154			
															
		
~End
Plate:	SKBR3 R3 FLUVA/TBF	1.3	PlateFormat	Endpoint	Absorbance	Raw	FALSE	1						1	538	1	11	96	2	6	None	
	Temperature(¡C)	1	2	3	4	5	6	7	8	9	10	11	12		
	28.20														
		0.0458	0.1292	0.1226	0.1247	0.122	0.1222	0.1252	0.1274	0.1104	0.111	0.1219			
		0.042	0.1695	0.1705	0.1704	0.1658	0.1516	0.1259	0.1215	0.1091	0.1112	0.1039			
		0.0414	0.4166	0.4318	0.4384	0.4164	0.4149	0.4152	0.2146	0.1061	0.1224	0.1015			
		0.04	0.7892	0.8029	0.8213	0.791	0.819	0.7129	0.5833	0.2581	0.1263	0.109			
		0.0395	1.1842	1.2103	1.2705	1.2423	1.1551	1.078	0.8919	0.4317	0.1329	0.0991			
		0.0384	1.1401	1.1149	1.0584	1.1756	1.0832	1.069	0.9683	0.5886	0.1388	0.1093			
															
		
~End
Plate:	HCC38 R1 FLUVA/TBF	1.3	PlateFormat	Endpoint	Absorbance	Raw	FALSE	1						1	538	1	11	96	2	6	None	
	Temperature(¡C)	1	2	3	4	5	6	7	8	9	10	11	12		
	28.20														
		0.0438	0.0982	0.0929	0.0929	0.0931	0.0946	0.0992	0.0943	0.0952	0.0923	0.0972			
		0.0422	0.1189	0.1065	0.1303	0.1063	0.115	0.1157	0.1095	0.0992	0.1029	0.0926			
		0.0413	0.2171	0.2392	0.258	0.2351	0.2407	0.2142	0.1866	0.0909	0.0995	0.0879			
		0.0404	0.5037	0.5171	0.5436	0.4624	0.5278	0.4836	0.3597	0.0895	0.0948	0.0878			
		0.0415	0.6302	0.6859	0.7186	0.5753	0.6417	0.7114	0.58	0.0947	0.0884	0.087			
		0.04	0.6099	0.6333	0.5696	0.6915	0.6417	0.5816	0.6153	0.2179	0.0903	0.0923			
															
		
~End
Plate:	HCC38 R2 FLUVA/TBF	1.3	PlateFormat	Endpoint	Absorbance	Raw	FALSE	1						1	538	1	11	96	2	6	None	
	Temperature(¡C)	1	2	3	4	5	6	7	8	9	10	11	12		
	28.20														
		0.0421	0.1055	0.1006	0.1016	0.0999	0.098	0.0969	0.0947	0.0892	0.0848	0.1007			
		0.0424	0.1275	0.1227	0.1292	0.1209	0.1241	0.1007	0.1016	0.0862	0.0955	0.0881			
		0.0404	0.2332	0.2221	0.2316	0.2635	0.2668	0.2128	0.1972	0.0822	0.099	0.0839			
		0.0389	0.4433	0.4758	0.5377	0.4647	0.4507	0.4458	0.3412	0.0947	0.098	0.0842			
		0.0399	0.5386	0.6224	0.6075	0.6012	0.6414	0.6608	0.6089	0.0931	0.093	0.0913			
		0.0387	0.576	0.5863	0.6084	0.6439	0.5984	0.5319	0.6257	0.181	0.092	0.0952			
															
		
~End
Plate:	HCC38 R3 FLUVA/TBF	1.3	PlateFormat	Endpoint	Absorbance	Raw	FALSE	1						1	538	1	11	96	2	6	None	
	Temperature(¡C)	1	2	3	4	5	6	7	8	9	10	11	12		
	28.20														
		0.0435	0.1027	0.0963	0.0966	0.0978	0.1004	0.0937	0.0921	0.0956	0.0924	0.1043			
		0.0432	0.126	0.1232	0.1307	0.1285	0.121	0.1154	0.1078	0.0952	0.0983	0.0963			
		0.0408	0.2316	0.2587	0.2604	0.281	0.2599	0.2305	0.1903	0.0859	0.1045	0.091			
		0.041	0.4098	0.4397	0.448	0.4288	0.4757	0.4701	0.3932	0.0952	0.1011	0.0975			
		0.0422	0.5925	0.5844	0.6561	0.562	0.567	0.6135	0.5399	0.0979	0.0941	0.0947			
		0.0388	0.5747	0.5528	0.5238	0.6131	0.6361	0.633	0.5341	0.1941	0.0903	0.0947			
															
		
~End
Plate:	BT474 1 FLUVA/TBF	1.3	PlateFormat	Endpoint	Absorbance	Raw	FALSE	1						1	538	1	11	96	2	6	None	
	Temperature(¡C)	1	2	3	4	5	6	7	8	9	10	11	12		
	28.20														
		0.0446	0.5306	0.4959	0.4703	0.4646	0.4397	0.424	0.3262	0.2104	0.2201	0.1801			
		0.0428	1.3657	1.3258	1.3371	1.2928	1.2848	1.2167	1.0222	0.4554	0.1813	0.1524			
		0.0405	1.5381	1.4177	1.4489	1.3746	1.3787	1.2861	1.2214	0.6895	0.1623	0.2057			
		0.0398	1.5661	1.4516	1.4797	1.475	1.4439	1.4376	1.1691	0.7713	0.1626	0.1331			
		0.0379	1.5805	1.5719	1.557	1.5647	1.5287	1.4375	1.3398	0.8499	0.1586	0.1349			
		0.0392	1.4685	1.5187	1.453	1.4925	1.4609	1.4363	1.2227	0.5991	0.1512	0.1389			
															
		
~End
Plate:	BT474 R2 FLUVA/TBF	1.3	PlateFormat	Endpoint	Absorbance	Raw	FALSE	1						1	538	1	11	96	2	6	None	
	Temperature(¡C)	1	2	3	4	5	6	7	8	9	10	11	12		
	28.20														
		0.0435	0.3105	0.3104	0.3085	0.3048	0.2846	0.2725	0.1928	0.135	0.1539	0.1222			
		0.0421	1.2115	1.28	1.2307	1.2313	1.1345	1.1095	0.8675	0.3401	0.1206	0.0996			
		0.0407	1.3278	1.2511	1.3557	1.3373	1.2706	1.2256	1.0821	0.5379	0.1183	0.0958			
		0.0408	1.4365	1.3597	1.3757	1.3749	1.3143	1.2663	1.1038	0.6656	0.1198	0.096			
		0.0393	1.4871	1.393	1.5077	1.4549	1.3582	1.4079	1.2385	0.6698	0.1252	0.0998			
		0.0397	1.3955	1.3884	1.4286	1.4279	1.3766	1.3408	1.0994	0.407	0.1114	0.1011			
															
		
~End
Plate:	BT474 RR3 FLUVA/TBF	1.3	PlateFormat	Endpoint	Absorbance	Raw	FALSE	1						1	538	1	11	96	2	6	None	
	Temperature(¡C)	1	2	3	4	5	6	7	8	9	10	11	12		
	28.20														
		0.043	0.2738	0.3176	0.3013	0.2993	0.2714	0.2498	0.1917	0.1172	0.1604	0.1242			
		0.0424	0.9338	1.0686	0.9977	1.0347	0.967	0.9073	0.792	0.3007	0.1171	0.0983			
		0.0418	1.0832	1.1066	1.1668	1.1936	1.2239	1.0666	0.9893	0.4971	0.1093	0.0939			
		0.0455	1.1263	1.159	1.1931	1.1601	1.2231	1.1293	0.9853	0.6079	0.1119	0.091			
		0.0406	1.1766	1.2474	1.2147	1.1722	1.2834	1.2505	1.136	0.571	0.1115	0.0903			
		0.0415	1.1089	1.2191	1.1529	1.2393	1.2928	1.2488	1.0344	0.3887	0.105	0.0901			
															
		
~End
Plate:	LY2 R1 FLUVA/TBF	1.3	PlateFormat	Endpoint	Absorbance	Raw	FALSE	1						1	538	1	11	96	2	6	None	
	Temperature(¡C)	1	2	3	4	5	6	7	8	9	10	11	12		
	28.20														
		0.044	0.1568	0.1537	0.142	0.1516	0.1404	0.1445	0.1393	0.1082	0.1065	0.1175			
		0.0428	0.7207	0.6732	0.5846	0.6282	0.606	0.5691	0.465	0.102	0.1066	0.103			
		0.0414	0.9062	0.8357	0.9115	0.8423	0.7556	0.8485	0.6843	0.0975	0.1146	0.1006			
		0.0456	1.1082	1.1272	1.0563	1.0274	0.9613	0.9998	0.6833	0.1075	0.1155	0.1014			
		0.0436	1.012	1.2582	1.0843	1.1625	1.116	1.1422	0.6149	0.1191	0.106	0.0995			
		0.0409	1.2068	1.3771	1.2726	1.2464	1.3354	1.2831	1.1093	0.1379	0.0986	0.103			
															
		
~End
Plate:	LY2 R2 FLUVA/TBF	1.3	PlateFormat	Endpoint	Absorbance	Raw	FALSE	1						1	538	1	11	96	2	6	None	
	Temperature(¡C)	1	2	3	4	5	6	7	8	9	10	11	12		
	28.20														
		0.0428	0.1745	0.1671	0.1634	0.1546	0.1624	0.1609	0.1547	0.0985	0.0966	0.0954			
		0.0416	0.6173	0.6111	0.6026	0.6063	0.5627	0.5664	0.4694	0.0996	0.0988	0.094			
		0.0406	0.8628	0.8212	0.8758	0.9326	0.8183	0.8284	0.6291	0.0911	0.1011	0.0874			
		0.0407	1.0581	1.1014	0.994	1.0391	1.0244	1.0578	0.5847	0.1053	0.1013	0.0923			
		0.0391	1.15	1.1439	1.1654	1.104	1.1481	1.1461	0.748	0.1275	0.0951	0.0928			
		0.0389	1.1379	1.1515	1.1852	1.0443	1.3857	1.1739	1.0905	0.1452	0.0927	0.0943			
															
		
~End
Plate:	LY2 R3 FLUVA/TBF	1.3	PlateFormat	Endpoint	Absorbance	Raw	FALSE	1						1	538	1	11	96	2	6	None	
	Temperature(¡C)	1	2	3	4	5	6	7	8	9	10	11	12		
	28.20														
		0.0458	0.1734	0.1673	0.1583	0.1627	0.1605	0.1594	0.153	0.1125	0.0918	0.0955			
		0.0446	0.6915	0.6143	0.6584	0.6263	0.5936	0.6093	0.4845	0.096	0.0964	0.0914			
		0.041	0.9509	0.9463	0.9466	0.9381	0.9137	1.0382	0.7717	0.1065	0.1054	0.0903			
		0.0403	0.9062	0.9977	1.1216	0.9743	1.0188	0.936	0.6709	0.1112	0.1022	0.0928			
		0.0393	0.8965	1.1747	1.1116	1.1508	1.0837	1.1183	0.6279	0.1162	0.0999	0.0917			
		0.038	1.1415	1.1886	1.2495	1.3253	1.3161	1.2592	1.0764	0.1403	0.093	0.087			
															
		
~End
Plate:	MCF7 R1 FLUVA/TBF	1.3	PlateFormat	Endpoint	Absorbance	Raw	FALSE	1						1	538	1	11	96	2	6	None	
	Temperature(¡C)	1	2	3	4	5	6	7	8	9	10	11	12		
	28.20														
		0.0445	0.12	0.1089	0.1028	0.1045	0.0988	0.1071	0.0962	0.0942	0.0923	0.0886			
		0.0438	0.481	0.4665	0.5204	0.442	0.4105	0.3942	0.2951	0.0849	0.0941	0.0825			
		0.0452	0.8329	0.7205	0.7568	0.7836	0.8025	0.7147	0.6605	0.0878	0.096	0.0824			
		0.0413	0.9449	0.929	0.8915	0.8492	0.8919	0.8854	0.6118	0.0859	0.0999	0.0797			
		0.0447	1.0148	1.0859	0.9905	0.9603	1.0025	0.9689	0.7077	0.1118	0.0859	0.0802			
		0.0396	1.0151	1.0626	1.0488	1.1166	1.061	1.0767	0.9382	0.0983	0.0815	0.0805			
															
		
~End
Plate:	MCF7 R2 FLUVA/TBF	1.3	PlateFormat	Endpoint	Absorbance	Raw	FALSE	1						1	538	1	11	96	2	6	None	
	Temperature(¡C)	1	2	3	4	5	6	7	8	9	10	11	12		
	28.20														
		0.0446	0.1206	0.116	0.1171	0.1115	0.1188	0.1081	0.1049	0.1067	0.1118	0.1105			
		0.0436	0.5572	0.5176	0.544	0.4846	0.4976	0.4294	0.317	0.0986	0.1107	0.1022			
		0.0425	0.9077	0.7609	0.812	0.8266	0.7865	0.6768	0.6281	0.0951	0.1167	0.0993			
		0.0424	0.982	0.8921	0.8814	0.9745	0.8755	0.8961	0.593	0.1005	0.1141	0.0971			
		0.041	1.0761	1.1081	0.9981	1.0464	1.0851	1.0137	0.6587	0.1132	0.1065	0.0999			
		0.0397	1.2126	1.1545	1.0206	1.1306	1.124	1.0896	1.0617	0.1336	0.104	0.1022			
															
		
~End
Plate:	MCF7 R3 FLUVA/TBF	1.3	PlateFormat	Endpoint	Absorbance	Raw	FALSE	1						1	538	1	11	96	2	6	None	
	Temperature(¡C)	1	2	3	4	5	6	7	8	9	10	11	12		
	28.20														
		0.0437	0.1139	0.1151	0.1097	0.1142	0.1071	0.1169	0.1066	0.1042	0.1066	0.1187			
		0.0423	0.5019	0.4865	0.4327	0.4505	0.4442	0.3573	0.2958	0.0935	0.1048	0.095			
		0.05	0.7312	0.7685	0.7296	0.7736	0.7572	0.7021	0.554	0.0928	0.1099	0.092			
		0.0397	0.8872	0.8349	0.8132	0.9308	0.8075	0.8048	0.4932	0.0958	0.1032	0.0933			
		0.0393	0.9877	0.9685	0.9146	1.1077	0.851	0.9104	0.5777	0.1042	0.1043	0.0929			
		0.0386	0.9448	0.8599	0.9245	0.9623	1.0847	0.9325	0.881	0.1083	0.1029	0.0959			
															
		
~End
Plate:	T47D R1 FLUVA/TBF	1.3	PlateFormat	Endpoint	Absorbance	Raw	FALSE	1						1	538	1	11	96	2	6	None	
	Temperature(¡C)	1	2	3	4	5	6	7	8	9	10	11	12		
	28.20														
		0.0437	0.139	0.1321	0.1238	0.1226	0.1295	0.1274	0.1391	0.1452	0.1293	0.1318			
		0.0463	0.2672	0.283	0.2947	0.2802	0.2616	0.1868	0.1302	0.1063	0.1159	0.1133			
		0.0418	0.7472	0.7182	0.7292	0.6807	0.595	0.3694	0.1788	0.1004	0.1329	0.1132			
		0.0421	1.0954	1.1071	1.1137	1.0491	0.9993	0.869	0.3897	0.102	0.1195	0.1078			
		0.054	1.2358	1.2163	1.2018	1.1538	1.1084	1.0148	0.3931	0.1054	0.1162	0.1067			
		0.0393	1.3001	1.2968	1.2205	1.2821	1.2019	1.0854	0.8908	0.1934	0.1131	0.1121			
															
		
~End
Plate:	T47D R2 FLUVA/TBF	1.3	PlateFormat	Endpoint	Absorbance	Raw	FALSE	1						1	538	1	11	96	2	6	None	
	Temperature(¡C)	1	2	3	4	5	6	7	8	9	10	11	12		
	28.20														
		0.0474	0.1491	0.1465	0.142	0.147	0.1475	0.1429	0.1555	0.1244	0.1089	0.1185			
		0.0442	0.3077	0.3145	0.3003	0.273	0.2682	0.2178	0.1441	0.102	0.1025	0.1103			
		0.0455	0.7603	0.673	0.7217	0.6833	0.5959	0.3829	0.2005	0.093	0.1147	0.1012			
		0.0413	0.9939	1.0257	1.0259	0.9608	0.9737	0.8231	0.3783	0.0954	0.1176	0.1041			
		0.0436	1.1725	1.1603	1.1686	1.13	1.0691	1.0206	0.3892	0.1046	0.1099	0.1041			
		0.0397	1.2069	1.1189	1.1926	1.1552	1.1086	0.9791	0.8302	0.2058	0.1085	0.1099			
															
		
~End
Plate:	T47D R3 FLUVA/TBF	1.3	PlateFormat	Endpoint	Absorbance	Raw	FALSE	1						1	538	1	11	96	2	6	None	
	Temperature(¡C)	1	2	3	4	5	6	7	8	9	10	11	12		
	28.20														
		0.0441	0.1476	0.1444	0.1416	0.1372	0.1392	0.137	0.1415	0.1166	0.1092	0.1173			
		0.042	0.3159	0.2995	0.2781	0.2711	0.2528	0.2124	0.1377	0.1053	0.0982	0.0984			
		0.0405	0.735	0.6914	0.7247	0.6703	0.6262	0.4008	0.1724	0.0884	0.1175	0.1033			
		0.0412	0.9936	0.9765	0.9658	0.9284	0.9028	0.7349	0.3965	0.0982	0.1102	0.0991			
		0.0413	1.1275	1.141	1.1302	1.0769	1.0471	0.902	0.4952	0.0954	0.1013	0.1041			
		0.0395	1.1277	1.2068	1.1319	1.1827	1.1001	0.9867	0.7715	0.2032	0.1006	0.1012			
															
		
~End
Plate:	HDQP-1 R1 FLUVA/TBF	1.3	PlateFormat	Endpoint	Absorbance	Raw	FALSE	1						1	538	1	11	96	2	6	None	
	Temperature(¡C)	1	2	3	4	5	6	7	8	9	10	11	12		
	28.30														
		0.0443	0.0904	0.0923	0.0887	0.0915	0.0936	0.0986	0.0959	0.0966	0.0989	0.1036			
		0.0457	0.1026	0.0979	0.0997	0.0977	0.0979	0.0981	0.0969	0.0915	0.1035	0.0974			
		0.042	0.2193	0.1968	0.2175	0.2054	0.1981	0.145	0.1092	0.0884	0.1129	0.096			
		0.0447	0.4706	0.4197	0.4858	0.4827	0.4738	0.4458	0.1614	0.0906	0.0979	0.1028			
		0.0395	0.8376	0.7981	0.82	0.8072	0.8192	0.7843	0.5286	0.0928	0.0977	0.0939			
		0.0391	0.8241	0.8102	0.8212	0.8511	0.8428	0.8401	0.7702	0.2831	0.0974	0.0985			
															
		
~End
Plate:	HDQP-1 R2 FLUVA/TBF	1.3	PlateFormat	Endpoint	Absorbance	Raw	FALSE	1						1	538	1	11	96	2	6	None	
	Temperature(¡C)	1	2	3	4	5	6	7	8	9	10	11	12		
	28.30														
		0.0446	0.0867	0.0895	0.0952	0.0911	0.0931	0.0948	0.0893	0.0893	0.0939	0.0915			
		0.0426	0.0955	0.0942	0.0941	0.0953	0.0946	0.0959	0.0932	0.0843	0.089	0.089			
		0.0413	0.2091	0.2017	0.3813	0.3021	0.3469	0.2455	0.3009	0.0895	0.0934	0.0851			
		0.0417	0.4267	0.4098	0.5709	0.5173	0.6105	0.6074	0.229	0.1368	0.0918	0.0827			
		0.0402	0.7387	0.7749	0.8135	0.7247	0.7575	0.7879	0.4878	0.0918	0.0911	0.0849			
		0.0389	0.7548	0.8255	0.7813	0.8472	0.8062	0.7974	0.7345	0.2416	0.0961	0.0919			
															
		
~End
Plate:	HDQP-1 R3 FLUVA/TBF	1.3	PlateFormat	Endpoint	Absorbance	Raw	FALSE	1						1	538	1	11	96	2	6	None	
	Temperature(¡C)	1	2	3	4	5	6	7	8	9	10	11	12		
	28.30														
		0.0437	0.1127	0.0988	0.1129	0.1019	0.1071	0.1093	0.0961	0.0939	0.1014	0.1067			
		0.0438	0.1155	0.1078	0.125	0.1112	0.1137	0.0936	0.0942	0.1024	0.1171	0.1			
		0.0428	0.2404	0.2027	0.2207	0.185	0.1807	0.1416	0.1084	0.09	0.1171	0.0907			
		0.0412	0.357	0.4003	0.3925	0.3835	0.3933	0.3664	0.1562	0.0922	0.1095	0.1009			
		0.0397	0.6581	0.7069	0.73	0.6929	0.7046	0.7202	0.4365	0.0946	0.1003	0.1004			
		0.0389	0.7267	0.7812	0.8083	0.802	0.7741	0.7708	0.6763	0.2507	0.1045	0.1003			
															
		
~End
Plate:	HCC70 R1 FLUVA/TBF	1.3	PlateFormat	Endpoint	Absorbance	Raw	FALSE	1						1	538	1	11	96	2	6	None	
	Temperature(¡C)	1	2	3	4	5	6	7	8	9	10	11	12		
	28.30														
		0.0488	0.1112	0.1093	0.1066	0.1089	0.1066	0.1105	0.1049	0.1006	0.1075	0.1105			
		0.0441	0.1082	0.0956	0.1934	0.2464	0.2466	0.3065	0.2604	0.1387	0.1088	0.1047			
		0.0419	0.3876	0.3451	0.4565	0.6223	0.5525	0.4551	0.222	0.1289	0.1042	0.0986			
		0.0426	0.9637	0.9226	1.1712	1.1866	1.019	0.9523	0.6173	0.1494	0.1031	0.0939			
		0.0411	1.4523	1.4051	1.4703	1.4237	1.4364	1.3192	0.9541	0.1508	0.1	0.0932			
		0.0407	1.505	1.4788	1.5145	1.5424	1.5588	1.4729	1.3115	0.3816	0.1016	0.0991			
															
		
~End
Plate:	HCC70 R2 FLUVA/TBF	1.3	PlateFormat	Endpoint	Absorbance	Raw	FALSE	1						1	538	1	11	96	2	6	None	
	Temperature(¡C)	1	2	3	4	5	6	7	8	9	10	11	12		
	28.30														
		0.0456	0.1059	0.1214	0.1157	0.1136	0.1178	0.1109	0.1102	0.0958	0.1023	0.1016			
		0.0438	0.1009	0.1064	0.1057	0.1053	0.1085	0.1	0.1123	0.0909	0.112	0.094			
		0.0439	0.3992	0.3424	0.391	0.5709	0.5962	0.4662	0.3101	0.0946	0.112	0.0917			
		0.0497	1.0144	0.9213	0.921	0.9742	1.038	0.9231	0.6902	0.1006	0.1127	0.0961			
		0.0417	1.4823	1.4638	1.3981	1.371	1.3978	1.3678	0.9754	0.1516	0.104	0.0984			
		0.0423	1.5525	1.5882	1.5279	1.579	1.6281	1.4591	1.2199	0.225	0.1062	0.1075			
															
		
~End
Plate:	HCC70 R3 FLUVA/TBF	1.3	PlateFormat	Endpoint	Absorbance	Raw	FALSE	1						1	538	1	11	96	2	6	None	
	Temperature(¡C)	1	2	3	4	5	6	7	8	9	10	11	12		
	28.30														
		0.0439	0.1353	0.1284	0.1372	0.1287	0.1254	0.1169	0.1166	0.1038	0.1033	0.1017			
		0.0435	0.1245	0.1147	0.1235	0.1167	0.1244	0.113	0.1062	0.0992	0.1072	0.1025			
		0.0415	0.398	0.3559	0.3988	0.3832	0.3801	0.28	0.15	0.0964	0.1027	0.1002			
		0.0412	0.8568	0.8601	0.8725	0.8056	0.8606	0.7661	0.6151	0.1121	0.1034	0.0973			
		0.0395	1.3107	1.3463	1.3443	1.3083	1.2861	1.2133	0.9835	0.16	0.1001	0.0946			
		0.0393	1.4041	1.4497	1.3931	1.4166	1.4756	1.3558	1.2543	0.2974	0.1044	0.1021			
															
		
~End
Plate:	SUM149 R1 FLUVA/TBF	1.3	PlateFormat	Endpoint	Absorbance	Raw	FALSE	1						1	538	1	11	96	2	6	None	
	Temperature(¡C)	1	2	3	4	5	6	7	8	9	10	11	12		
	28.30														
		0.044	0.1043	0.0994	0.1007	0.1086	0.1109	0.1172	0.1087	0.1081	0.1096	0.133			
		0.0439	0.1451	0.1353	0.1529	0.1612	0.1389	0.1335	0.1198	0.1036	0.117	0.1208			
		0.0418	0.2916	0.3059	0.3506	0.319	0.3292	0.2576	0.1548	0.1026	0.1129	0.1126			
		0.0424	0.731	0.626	0.7508	0.8044	0.7865	0.7357	0.2682	0.1069	0.1095	0.1178			
		0.0411	1.0667	1.0981	1.1225	1.1138	1.0926	1.0773	0.4414	0.1005	0.1097	0.1076			
		0.0413	0.92	1.1654	1.1668	1.208	1.2329	1.1582	0.9451	0.151	0.115	0.1194			
															
		
~End
Plate:	SUM149 R2 FLUVA/TBF	1.3	PlateFormat	Endpoint	Absorbance	Raw	FALSE	1						1	538	1	11	96	2	6	None	
	Temperature(¡C)	1	2	3	4	5	6	7	8	9	10	11	12		
	28.30														
		0.0443	0.0875	0.0892	0.0854	0.0879	0.0914	0.0923	0.0883	0.0886	0.0916	0.0886			
		0.0436	0.1239	0.121	0.123	0.1247	0.1215	0.1115	0.0963	0.0849	0.0967	0.09			
		0.0423	0.2461	0.2567	0.2755	0.2796	0.3113	0.2582	0.1344	0.0876	0.1042	0.0873			
		0.0409	0.6465	0.6903	0.7087	0.6859	0.7193	0.634	0.2543	0.085	0.0979	0.0918			
		0.0396	0.9444	1.0857	1.122	1.0634	1.0553	1.0136	0.4855	0.092	0.0927	0.0879			
		0.0402	0.9255	0.9864	1.0498	1.1895	1.1688	1.0541	0.8587	0.1251	0.0899	0.0932			
															
		
~End
Plate:	SUM149 R3 FLUVA/TBF	1.3	PlateFormat	Endpoint	Absorbance	Raw	FALSE	1						1	538	1	11	96	2	6	None	
	Temperature(¡C)	1	2	3	4	5	6	7	8	9	10	11	12		
	28.30														
		0.042	0.0957	0.0905	0.0853	0.0829	0.0995	0.0884	0.0928	0.1002	0.0988	0.1062			
		0.0435	0.128	0.1132	0.121	0.1111	0.1382	0.107	0.1108	0.0926	0.1035	0.0963			
		0.0417	0.2486	0.2683	0.2577	0.2688	0.3008	0.2497	0.1425	0.0838	0.1051	0.0924			
		0.0436	0.5146	0.5874	0.5957	0.604	0.6211	0.592	0.2518	0.0862	0.0993	0.0951			
		0.0433	0.8924	0.9126	0.9161	0.9562	0.9312	0.9698	0.4352	0.0938	0.0999	0.0988			
		0.0419	0.869	0.9137	0.9983	1.023	1.1082	1.0315	0.7785	0.119	0.0892	0.0978			
															
		
~End
Plate:	MX1 R1 FLUVA/TBF	1.3	PlateFormat	Endpoint	Absorbance	Raw	FALSE	1						1	538	1	11	96	2	6	None	
	Temperature(¡C)	1	2	3	4	5	6	7	8	9	10	11	12		
	28.30														
		0.0444	0.141	0.1209	0.1064	0.1067	0.1205	0.1106	0.1118	0.0976	0.1049	0.1109			
		0.0424	0.1297	0.1139	0.1287	0.107	0.1314	0.1592	0.1217	0.0953	0.1057	0.1075			
		0.0424	0.4606	0.3997	0.4467	0.4057	0.3923	0.3418	0.235	0.1011	0.1114	0.0972			
		0.0397	0.6187	0.6021	0.6106	0.606	0.5972	0.5757	0.5117	0.3099	0.1114	0.0957			
		0.041	0.6921	0.6554	0.669	0.6279	0.6633	0.6415	0.5945	0.4006	0.1058	0.0989			
		0.0404	0.6857	0.6542	0.6704	0.6367	0.649	0.64	0.6329	0.5234	0.186	0.1185			
															
		
~End
Plate:	MX1 R2 FLUVA/TBF	1.3	PlateFormat	Endpoint	Absorbance	Raw	FALSE	1						1	538	1	11	96	2	6	None	
	Temperature(¡C)	1	2	3	4	5	6	7	8	9	10	11	12		
	28.30														
		0.0461	0.1196	0.1231	0.1112	0.1225	0.1225	0.129	0.1239	0.121	0.1262	0.1241			
		0.0442	0.1524	0.1367	0.1466	0.1266	0.1537	0.1229	0.1328	0.1092	0.1237	0.1139			
		0.0401	0.4588	0.4171	0.4214	0.4183	0.4221	0.3366	0.2309	0.1123	0.1206	0.1147			
		0.0454	0.5874	0.5953	0.5853	0.6178	0.6089	0.5734	0.5224	0.349	0.1076	0.1073			
		0.0409	0.6496	0.6502	0.6465	0.6429	0.6629	0.6279	0.6056	0.4057	0.1231	0.1132			
		0.0395	0.6411	0.6417	0.6259	0.6547	0.6358	0.6079	0.6138	0.5478	0.193	0.1347			
															
		
~End
Plate:	MX1 R3 FLUVA/TBF	1.3	PlateFormat	Endpoint	Absorbance	Raw	FALSE	1						1	538	1	11	96	2	6	None	
	Temperature(¡C)	1	2	3	4	5	6	7	8	9	10	11	12		
	28.30														
		0.0444	0.1402	0.1228	0.1444	0.131	0.1361	0.1406	0.1272	0.1315	0.1155	0.1283			
		0.0481	0.1686	0.1612	0.1486	0.1463	0.1467	0.1308	0.1213	0.1223	0.121	0.112			
		0.0422	0.498	0.4366	0.4686	0.4542	0.448	0.3762	0.2585	0.1258	0.116	0.1031			
		0.0424	0.6012	0.6069	0.5749	0.6072	0.5921	0.5786	0.5357	0.3715	0.1192	0.1069			
		0.0418	0.6461	0.6562	0.6465	0.676	0.6455	0.6468	0.6072	0.4194	0.1191	0.1101			
		0.0394	0.6612	0.6697	0.6388	0.6653	0.6608	0.6143	0.6136	0.5427	0.211	0.122			
															
		
~End
Plate:	MDAMB361 R1 FLUVA/TBF	1.3	PlateFormat	Endpoint	Absorbance	Raw	FALSE	1						1	538	1	11	96	2	6	None	
	Temperature(¡C)	1	2	3	4	5	6	7	8	9	10	11	12		
	28.30														
		0.0451	0.1179	0.108	0.1154	0.1102	0.1119	0.1153	0.1125	0.1087	0.1102	0.107			
		0.0428	0.3287	0.339	0.3474	0.3452	0.3385	0.2999	0.2179	0.1078	0.1057	0.0931			
		0.0396	0.5361	0.5204	0.5484	0.5292	0.5431	0.5051	0.4698	0.1077	0.1047	0.0983			
		0.0408	0.5837	0.5749	0.6069	0.5661	0.5791	0.5567	0.4455	0.1043	0.1084	0.0967			
		0.0393	0.5456	0.5678	0.5789	0.5573	0.585	0.5643	0.4907	0.1081	0.1138	0.117			
		0.0388	0.5446	0.5596	0.5827	0.5865	0.5963	0.53	0.4964	0.129	0.0959	0.1045			
															
		
~End
Plate:	MDAMB361 R2 FLUVA/TBF	1.3	PlateFormat	Endpoint	Absorbance	Raw	FALSE	1						1	538	1	11	96	2	6	None	
	Temperature(¡C)	1	2	3	4	5	6	7	8	9	10	11	12		
	28.30														
		0.0456	0.0999	0.1022	0.0912	0.1008	0.0966	0.0901	0.0954	0.0876	0.0941	0.0924			
		0.044	0.3289	0.3245	0.326	0.3222	0.3168	0.2628	0.1996	0.0937	0.0946	0.0974			
		0.0415	0.5407	0.5064	0.5376	0.5257	0.5213	0.5063	0.4343	0.085	0.1038	0.0942			
		0.0407	0.5245	0.5472	0.558	0.5605	0.5405	0.5288	0.4441	0.0908	0.0945	0.0872			
		0.0401	0.5371	0.5889	0.5567	0.5894	0.5539	0.5505	0.4403	0.1012	0.0972	0.0909			
		0.041	0.538	0.57	0.5465	0.5615	0.565	0.5551	0.4966	0.1202	0.0911	0.0895			
															
		
~End
Plate:	MDAMB361 R3 FLUVA/TBF	1.3	PlateFormat	Endpoint	Absorbance	Raw	FALSE	1						1	538	1	11	96	2	6	None	
	Temperature(¡C)	1	2	3	4	5	6	7	8	9	10	11	12		
	28.30														
		0.0473	0.1101	0.1047	0.1035	0.1037	0.106	0.1036	0.1061	0.1041	0.1074	0.119			
		0.0477	0.3328	0.3246	0.3255	0.3164	0.3087	0.269	0.2098	0.1021	0.1089	0.1172			
		0.0423	0.5248	0.5086	0.5548	0.5509	0.5517	0.5039	0.4471	0.1045	0.1132	0.1105			
		0.0449	0.5154	0.5112	0.5487	0.5459	0.5455	0.5175	0.4502	0.0996	0.1082	0.0991			
		0.0417	0.5524	0.5399	0.5748	0.5842	0.5575	0.5349	0.4667	0.0955	0.1063	0.1003			
		0.0414	0.489	0.5455	0.516	0.5842	0.5618	0.5073	0.5055	0.1214	0.0976	0.1033			
															
		
~End
Plate:	MDAMB175VII R1 FLUVA/TBF	1.3	PlateFormat	Endpoint	Absorbance	Raw	FALSE	1						1	538	1	11	96	2	6	None	
	Temperature(¡C)	1	2	3	4	5	6	7	8	9	10	11	12		
	28.30														
		0.0451	0.3927	0.3952	0.3882	0.3961	0.3783	0.3506	0.3314	0.2105	0.1135	0.0999			
		0.0434	0.7343	0.7196	0.7125	0.7206	0.7179	0.7139	0.6879	0.4285	0.1115	0.1021			
		0.0431	0.7519	0.744	0.799	0.7738	0.7837	0.7469	0.8085	0.48	0.1181	0.1089			
		0.0405	0.8271	0.8508	0.8415	0.8472	0.8706	0.8469	0.8242	0.3918	0.1059	0.1072			
		0.0394	0.9435	0.9554	0.9569	0.9185	0.9419	0.9612	0.8895	0.4199	0.1134	0.1039			
		0.041	1.0103	1.0001	1.0001	0.9925	1.0463	0.9769	0.9849	0.4202	0.1053	0.1167			
															
		
~End
Plate:	MDAMB175VII R2 FLUVA/TBF	1.3	PlateFormat	Endpoint	Absorbance	Raw	FALSE	1						1	538	1	11	96	2	6	None	
	Temperature(¡C)	1	2	3	4	5	6	7	8	9	10	11	12		
	28.30														
		0.0463	0.3978	0.3748	0.37	0.3599	0.3797	0.3379	0.3157	0.202	0.1183	0.1152			
		0.0427	0.6904	0.6785	0.6806	0.6621	0.6483	0.6493	0.6271	0.3701	0.116	0.1008			
		0.0424	0.7535	0.6983	0.7302	0.7324	0.7313	0.7128	0.714	0.394	0.1233	0.1044			
		0.0415	0.7641	0.7942	0.8036	0.8018	0.7578	0.7503	0.6936	0.3057	0.1155	0.1042			
		0.038	0.8464	0.8581	0.9012	0.8629	0.8528	0.8247	0.8209	0.3776	0.1096	0.0979			
		0.0383	0.924	0.9362	0.9633	0.9519	0.9307	0.9367	0.9424	0.3644	0.0998	0.0976			
															
		
~End
Plate:	MDAMB175VII R3 FLUVA/TBF	1.3	PlateFormat	Endpoint	Absorbance	Raw	FALSE	1						1	538	1	11	96	2	6	None	
	Temperature(¡C)	1	2	3	4	5	6	7	8	9	10	11	12		
	28.30														
		0.046	0.3783	0.3662	0.3655	0.357	0.3412	0.3214	0.2989	0.2008	0.1105	0.1088			
		0.0438	0.6395	0.6509	0.6507	0.6212	0.6116	0.604	0.5922	0.3246	0.1101	0.0992			
		0.0442	0.6799	0.6464	0.7285	0.7016	0.7016	0.6513	0.7094	0.322	0.1105	0.0991			
		0.0469	0.6535	0.6867	0.6987	0.7251	0.7259	0.649	0.6339	0.2461	0.1081	0.0997			
		0.0422	0.7399	0.7859	0.8354	0.8054	0.8209	0.7538	0.6909	0.2763	0.1075	0.1032			
		0.041	0.8131	0.8596	0.9004	0.9191	0.9107	0.8287	0.8256	0.3166	0.1056	0.111			
															
		
~End
Plate:	OCUB-M R1 FLUVA/TBF	1.3	PlateFormat	Endpoint	Absorbance	Raw	FALSE	1						1	538	1	11	96	2	6	None	
	Temperature(¡C)	1	2	3	4	5	6	7	8	9	10	11	12		
	28.30														
		0.0452	0.0936	0.0912	0.1016	0.097	0.0999	0.0909	0.1107	0.1083	0.1087	0.1113			
		0.0457	0.1575	0.1369	0.1504	0.1354	0.1561	0.1173	0.1182	0.0997	0.1196	0.1107			
		0.042	0.3485	0.338	0.3512	0.3169	0.2983	0.2208	0.1892	0.095	0.1135	0.112			
		0.0533	0.5412	0.4671	0.5081	0.4625	0.4368	0.4137	0.2991	0.1009	0.1063	0.1065			
		0.0437	0.535	0.5521	0.5878	0.5293	0.4947	0.4265	0.3473	0.1127	0.1103	0.1107			
		0.0413	0.576	0.5724	0.5209	0.5676	0.518	0.4635	0.3593	0.099	0.1057	0.1109			
															
		
~End
Plate:	OCUB-M R2 FLUVA/TBF	1.3	PlateFormat	Endpoint	Absorbance	Raw	FALSE	1						1	538	1	11	96	2	6	None	
	Temperature(¡C)	1	2	3	4	5	6	7	8	9	10	11	12		
	28.30														
		0.0452	0.0975	0.094	0.0908	0.0905	0.0985	0.097	0.0955	0.0945	0.1139	0.1293			
		0.0443	0.1501	0.1447	0.1406	0.1324	0.1329	0.1232	0.1292	0.0958	0.1131	0.1028			
		0.0423	0.3901	0.3393	0.348	0.3656	0.3345	0.2645	0.2101	0.1008	0.1174	0.1061			
		0.0436	0.4896	0.4927	0.4606	0.5235	0.4482	0.4078	0.3159	0.1071	0.1205	0.1115			
		0.0415	0.511	0.5134	0.4721	0.5014	0.5017	0.4362	0.3571	0.1107	0.1071	0.1025			
		0.0393	0.5351	0.5181	0.5149	0.5412	0.53	0.4619	0.3696	0.1013	0.1021	0.1101			
															
		
~End
Plate:	OCUB-M R3 FLUVA/TBF	1.3	PlateFormat	Endpoint	Absorbance	Raw	FALSE	1						1	538	1	11	96	2	6	None	
	Temperature(¡C)	1	2	3	4	5	6	7	8	9	10	11	12		
	28.30														
		0.0453	0.0917	0.0902	0.0886	0.0905	0.0888	0.0923	0.0934	0.091	0.1055	0.1016			
		0.0439	0.1443	0.1285	0.1401	0.1271	0.1374	0.122	0.1146	0.0933	0.1118	0.1031			
		0.0424	0.3548	0.3117	0.3426	0.3501	0.2954	0.2431	0.1877	0.0909	0.1096	0.0949			
		0.044	0.441	0.4378	0.4584	0.4	0.4103	0.3881	0.2692	0.0964	0.1046	0.1015			
		0.0412	0.4695	0.53	0.5074	0.4563	0.4607	0.4514	0.3718	0.1053	0.0989	0.0986			
		0.0407	0.5172	0.4852	0.5448	0.5179	0.4706	0.4648	0.3822	0.1086	0.0951	0.0948			
															
		
~End
Plate:	MDAMB436 R1 FLUVA/TBF	1.3	PlateFormat	Endpoint	Absorbance	Raw	FALSE	1						1	538	1	11	96	2	6	None	
	Temperature(¡C)	1	2	3	4	5	6	7	8	9	10	11	12		
	28.30														
		0.0484	0.1019	0.0964	0.1008	0.0931	0.1001	0.0974	0.1059	0.0977	0.0994	0.099			
		0.0475	0.1005	0.1122	0.1096	0.1002	0.1102	0.0995	0.0982	0.0971	0.1021	0.0979			
		0.0413	0.2615	0.2653	0.3285	0.3131	0.3073	0.2498	0.1669	0.0978	0.1142	0.0965			
		0.0413	0.6169	0.6333	0.6669	0.7335	0.648	0.6055	0.4297	0.1451	0.1063	0.0967			
		0.0475	0.8486	0.7889	0.8892	0.8399	0.858	0.8821	0.7247	0.4035	0.1051	0.1023			
		0.042	0.9146	0.969	0.9061	0.8898	0.9378	0.8759	0.7575	0.5664	0.1263	0.1096			
															
		
~End
Plate:	MDAMB436 R2 FLUVA/TBF	1.3	PlateFormat	Endpoint	Absorbance	Raw	FALSE	1						1	538	1	11	96	2	6	None	
	Temperature(¡C)	1	2	3	4	5	6	7	8	9	10	11	12		
	28.30														
		0.0544	0.1071	0.1108	0.1082	0.1101	0.1095	0.1102	0.1087	0.1044	0.0996	0.0998			
		0.048	0.1093	0.1023	0.1161	0.1006	0.122	0.1028	0.1116	0.0943	0.1054	0.097			
		0.0429	0.2929	0.3009	0.3459	0.3179	0.3185	0.2478	0.1657	0.0964	0.1041	0.0922			
		0.0432	0.5983	0.6638	0.5848	0.6594	0.6449	0.5552	0.4962	0.1538	0.1061	0.0933			
		0.051	0.8654	0.8314	0.8165	0.8188	0.8166	0.8017	0.732	0.3937	0.1044	0.0984			
		0.0388	0.8449	0.9253	0.9525	0.9773	0.9099	0.9311	0.7911	0.4279	0.116	0.1263			
															
		
~End
Plate:	MDAMB436 R3 FLUVA/TBF	1.3	PlateFormat	Endpoint	Absorbance	Raw	FALSE	1						1	538	1	11	96	2	6	None	
	Temperature(¡C)	1	2	3	4	5	6	7	8	9	10	11	12		
	28.30														
		0.0478	0.0972	0.0967	0.1044	0.114	0.1119	0.1205	0.1178	0.1091	0.1129	0.1174			
		0.0429	0.1065	0.1013	0.1233	0.1068	0.1247	0.1045	0.1249	0.1086	0.1215	0.104			
		0.0445	0.2561	0.2789	0.3284	0.3087	0.3122	0.2559	0.1673	0.1052	0.1245	0.101			
		0.0401	0.5313	0.6342	0.6496	0.6441	0.6291	0.6152	0.4509	0.1802	0.1151	0.1003			
		0.0412	0.8157	0.8862	0.7826	0.7953	0.886	0.7697	0.6978	0.3286	0.1224	0.1046			
		0.0405	0.8509	0.9021	0.8786	0.8186	0.7881	0.7524	0.7928	0.42	0.1375	0.1198			
															
		
~End
Plate:	AU565 R1 FLUVA/TBF	1.3	PlateFormat	Endpoint	Absorbance	Raw	FALSE	1						1	538	1	11	96	2	6	None	
	Temperature(¡C)	1	2	3	4	5	6	7	8	9	10	11	12		
	28.30														
		0.0443	0.1386	0.1396	0.1472	0.1763	0.1695	0.1704	0.1647	0.1649	0.1786	0.2068			
		0.0462	0.2007	0.1751	0.2187	0.2037	0.2249	0.1984	0.2105	0.1711	0.1955	0.1943			
		0.0412	0.8961	0.7812	0.7943	0.7366	0.7188	0.6055	0.5148	0.244	0.1626	0.1471			
		0.0448	1.4026	1.3786	1.3222	1.287	1.3308	1.1821	0.9566	0.5466	0.1928	0.1718			
		0.0425	1.5854	1.7616	1.6386	1.6244	1.5931	1.5246	1.4105	0.885	0.2564	0.1621			
		0.0408	1.6862	1.6611	1.6107	1.7692	1.6735	1.5915	1.3624	0.8282	0.2142	0.1661			
															
		
~End
Plate:	AU565 R2 FLUVA/TBF	1.3	PlateFormat	Endpoint	Absorbance	Raw	FALSE	1						1	538	1	11	96	2	6	None	
	Temperature(¡C)	1	2	3	4	5	6	7	8	9	10	11	12		
	28.30														
		0.0485	0.1123	0.1048	0.1025	0.1034	0.1034	0.096	0.1077	0.1009	0.108	0.108			
		0.045	0.1378	0.1276	0.1158	0.1133	0.1314	0.1924	0.1095	0.0957	0.1144	0.1			
		0.0432	0.7718	0.6367	0.8048	0.8081	0.8337	0.7363	0.4267	0.2427	0.1162	0.1021			
		0.0434	1.2561	1.1765	1.3247	1.2448	1.2909	1.3267	1.0355	0.5473	0.1387	0.1053			
		0.0407	1.358	1.3849	1.4429	1.4716	1.3706	1.3668	1.1206	0.6843	0.1734	0.1097			
		0.0416	1.5913	1.5382	1.4425	1.5074	1.6203	1.4496	1.256	0.7467	0.1623	0.0987			
															
		
~End
Plate:	AU565 R3 FLUVA/TBF	1.3	PlateFormat	Endpoint	Absorbance	Raw	FALSE	1						1	538	1	11	96	2	6	None	
	Temperature(¡C)	1	2	3	4	5	6	7	8	9	10	11	12		
	28.30														
		0.049	0.0911	0.0969	0.0903	0.0946	0.0918	0.0991	0.0939	0.0935	0.0968	0.1029			
		0.0461	0.1306	0.1228	0.1191	0.1099	0.111	0.1064	0.1053	0.0949	0.106	0.0994			
		0.048	0.6478	0.5699	0.5882	0.6033	0.5536	0.4412	0.3232	0.1444	0.1131	0.101			
		0.0424	1.1606	1.0889	1.0312	1.0253	0.9472	0.8901	0.7513	0.3546	0.1242	0.0942			
		0.0427	1.3006	1.2907	1.2152	1.1213	1.2101	1.1617	0.9485	0.5263	0.161	0.0986			
		0.0415	1.286	1.2107	1.1629	1.2268	1.3975	1.2876	1.0728	0.5957	0.1437	0.1004			
															
		
~End
Instrument type: Instrument serial number:
