##BLOCKS= 19         
Note:~End
Plate:	MDAMB175VII R1 FLUVA/TBF	1.3	PlateFormat	Endpoint	Absorbance	Raw	FALSE	1						1	570	1	11	96	2	6	None	
	Temperature(¡C)	1	2	3	4	5	6	7	8	9	10	11	12		
	27.20														
		0.0463	0.8454	0.9242	0.8969	0.9719	0.9354	0.8612	0.6837	0.6983	0.1321	0.1405			
		0.0448	1.3915	1.406	1.3194	1.543	1.5065	1.5269	1.5694	1.0107	0.1312	0.1337			
		0.0437	1.4887	1.3024	1.3291	1.6488	1.4711	1.5291	1.3494	1.0961	0.1514	0.1446			
		0.0443	1.4204	1.4058	1.5828	1.4665	1.3843	1.4858	1.3849	1.053	0.1944	0.1366			
		0.0418	1.5467	1.6087	1.4924	1.4897	1.4789	1.4464	1.7013	1.2511	0.2069	0.163			
		0.0428	1.5072	1.7178	1.8627	1.6154	1.6682	1.811	1.6768	1.3498	0.1956	0.1488			
															
		
~End
Plate:	MDAMB175VII R2 FLUVA/TBF	1.3	PlateFormat	Endpoint	Absorbance	Raw	FALSE	1						1	570	1	11	96	2	6	None	
	Temperature(¡C)	1	2	3	4	5	6	7	8	9	10	11	12		
	27.20														
		0.0439	0.6965	0.9338	0.9398	0.8777	0.8509	0.8021	0.8333	0.6731	0.1501	0.1489			
		0.0429	1.2124	1.6598	1.3089	1.4478	1.4667	1.4322	1.2246	1.403	0.1788	0.1278			
		0.0414	1.4018	1.5883	1.8468	1.7066	1.5834	1.5135	1.5918	1.4969	0.1712	0.1672			
		0.0421	1.579	1.0253	1.9284	1.9935	1.7241	1.7758	1.4535	1.4487	0.2646	0.1646			
		0.041	1.4029	1.9675	1.7393	1.9542	1.9984	1.9414	1.8777	1.6786	0.1989	0.1598			
		0.0407	1.276	2.2066	1.9353	2.0701	1.7694	1.8992	2.0321	1.799	0.1615	0.1361			
															
		
~End
Plate:	MDAMB175VII R3 FLUVA/TBF	1.3	PlateFormat	Endpoint	Absorbance	Raw	FALSE	1						1	570	1	11	96	2	6	None	
	Temperature(¡C)	1	2	3	4	5	6	7	8	9	10	11	12		
	27.20														
		0.0436	0.5485	0.6486	0.6595	0.703	0.7016	0.7012	0.6587	0.5696	0.149	0.1355			
		0.0428	1.126	1.4372	1.1375	1.2721	1.2335	1.2186	1.1792	1.1043	0.1376	0.1175			
		0.0415	1.4391	1.5461	1.5168	1.4417	1.3038	1.3331	1.3786	1.1402	0.1639	0.1306			
		0.0406	1.3109	1.7242	1.6382	1.7019	1.4319	1.2648	1.343	1.1271	0.1779	0.1306			
		0.0402	1.7772	1.6651	1.8678	1.8549	1.6891	1.661	1.6191	1.275	0.2065	0.1747			
		0.0396	1.2542	1.7947	2.0077	1.8967	1.8398	1.8874	1.6444	1.523	0.1538	0.1349			
															
		
~End
Plate:	SKBR3 R1 FLUVA/TBF	1.3	PlateFormat	Endpoint	Absorbance	Raw	FALSE	1						1	570	1	11	96	2	6	None	
	Temperature(¡C)	1	2	3	4	5	6	7	8	9	10	11	12		
	27.20														
		0.0461	0.246	0.2722	0.2867	0.2795	0.2901	0.2522	0.2091	0.1903	0.1108	0.1255			
		0.0439	0.3676	0.3869	0.4013	0.4125	0.3821	0.297	0.1934	0.1318	0.1113	0.1233			
		0.0431	1.2737	1.2198	1.3016	1.1702	1.1377	1.0785	0.6351	0.1975	0.1177	0.1218			
		0.0417	2.2612	2.2883	2.1724	1.9982	1.9988	2.0178	1.6448	0.5941	0.1216	0.1285			
		0.0403	2.3746	2.3905	2.4094	2.3978	2.3234	2.3031	2.2378	0.9227	0.1225	0.1155			
		0.0398	2.3856	2.4409	2.4367	2.4424	2.3826	2.3721	2.1689	1.6799	0.1359	0.1265			
															
		
~End
Plate:	SKBR3 R2 FLUVA/TBF	1.3	PlateFormat	Endpoint	Absorbance	Raw	FALSE	1						1	570	1	11	96	2	6	None	
	Temperature(¡C)	1	2	3	4	5	6	7	8	9	10	11	12		
	27.20														
		0.046	0.2624	0.2911	0.2874	0.2673	0.2829	0.2556	0.2219	0.198	0.1226	0.1322			
		0.0442	0.3471	0.4597	0.4272	0.4302	0.3886	0.3818	0.2155	0.1545	0.1297	0.1218			
		0.0437	1.291	1.2309	1.1416	1.117	1.0693	0.9964	0.7246	0.1923	0.1203	0.1297			
		0.0425	2.256	2.2771	2.2723	2.275	2.0165	2.0735	1.7358	0.7679	0.1178	0.1442			
		0.0444	2.4354	2.4703	2.4123	2.446	2.4091	2.3677	2.2997	1.4434	0.1457	0.1344			
		0.0404	2.3555	2.4852	2.465	2.4405	2.4298	2.4165	2.3612	1.8237	0.1444	0.1476			
															
		
~End
Plate:	SKBR3 R3 FLUVA/TBF	1.3	PlateFormat	Endpoint	Absorbance	Raw	FALSE	1						1	570	1	11	96	2	6	None	
	Temperature(¡C)	1	2	3	4	5	6	7	8	9	10	11	12		
	27.20														
		0.0453	0.2355	0.2503	0.246	0.2572	0.2547	0.253	0.2283	0.1957	0.1168	0.1305			
		0.043	0.3384	0.369	0.3615	0.3493	0.3353	0.2866	0.1945	0.1467	0.1274	0.1377			
		0.0411	1.059	0.9716	1.0481	1.055	0.9927	0.8445	0.6189	0.1951	0.1277	0.1494			
		0.0421	1.8578	1.917	1.8889	1.8863	1.8065	1.7326	1.3679	0.4505	0.1362	0.1345			
		0.0397	2.192	2.2642	2.3291	2.3042	2.1869	2.2411	1.8879	1.1028	0.154	0.1311			
		0.0391	2.3028	2.3295	2.3449	2.3034	2.1829	2.1518	2.0895	1.4263	0.1457	0.1398			
															
		
~End
Plate:	BT474 R1 FLUVA/TBF	1.3	PlateFormat	Endpoint	Absorbance	Raw	FALSE	1						1	570	1	11	96	2	6	None	
	Temperature(¡C)	1	2	3	4	5	6	7	8	9	10	11	12		
	27.20														
		0.0446	0.5099	0.4698	0.4707	0.524	0.4683	0.4348	0.3247	0.1937	0.1835	0.1617			
		0.0434	1.7391	1.8511	1.8338	1.8426	1.9077	1.866	1.57	0.8214	0.164	0.1446			
		0.0426	1.8335	1.9836	1.874	1.923	1.8686	1.984	1.8791	1.1592	0.1553	0.1467			
		0.0407	1.8796	1.9874	2.0856	2.1038	1.8707	1.938	1.7863	1.2954	0.152	0.1698			
		0.0434	2.087	2.1031	2.2178	2.1265	1.9643	2.0023	1.867	1.3062	0.1481	0.1413			
		0.0403	2.0514	1.9606	1.9562	1.9774	2.1166	2.0665	1.794	0.9255	0.158	0.151			
															
		
~End
Plate:	BT474 R2 FLUVA/TBF	1.3	PlateFormat	Endpoint	Absorbance	Raw	FALSE	1						1	570	1	11	96	2	6	None	
	Temperature(¡C)	1	2	3	4	5	6	7	8	9	10	11	12		
	27.20														
		0.0462	0.5005	0.5478	0.5776	0.5042	0.5367	0.4707	0.3306	0.2016	0.1718	0.1408			
		0.0427	1.737	1.773	1.7847	1.8126	1.8578	1.687	1.3715	0.6556	0.1509	0.1312			
		0.0441	1.97	1.9089	1.9864	1.8585	1.827	1.7866	1.6319	0.9843	0.1351	0.1179			
		0.0414	2.0797	2.0744	1.9819	1.9399	1.986	1.804	1.6405	0.9737	0.1383	0.1289			
		0.0413	2.1676	2.0892	2.0899	2.1059	2.0678	1.9421	1.8433	1.172	0.1401	0.1328			
		0.0411	2.1298	2.0964	2.1379	2.0858	2.0982	2.0639	1.9617	0.9353	0.1303	0.1344			
															
		
~End
Plate:	BT474 R3 FLUVA/TBF	1.3	PlateFormat	Endpoint	Absorbance	Raw	FALSE	1						1	570	1	11	96	2	6	None	
	Temperature(¡C)	1	2	3	4	5	6	7	8	9	10	11	12		
	27.20														
		0.0453	0.4408	0.3776	0.4313	0.4591	0.4293	0.3485	0.2454	0.16	0.152	0.1271			
		0.0434	1.5458	1.5537	1.6667	1.6075	1.7639	1.566	1.2433	0.5909	0.1336	0.1306			
		0.042	1.8725	2.0326	1.9019	1.7948	1.8412	1.7841	1.6056	0.8695	0.13	0.127			
		0.041	1.875	2.1258	2.033	1.9991	2.008	1.9084	1.5734	1.1152	0.1469	0.1242			
		0.0403	1.961	2.1398	2.078	2.0601	2.0388	1.8794	1.7467	1.0696	0.1352	0.1231			
		0.0404	2.0467	2.1745	1.9939	2.1003	2.036	1.953	1.7438	0.7885	0.1282	0.1342			
															
		
~End
Plate:	MDAMB361 R1 FLUVA/TBF	1.3	PlateFormat	Endpoint	Absorbance	Raw	FALSE	1						1	570	1	11	96	2	6	None	
	Temperature(¡C)	1	2	3	4	5	6	7	8	9	10	11	12		
	27.20														
		0.0444	0.114	0.1077	0.1052	0.0975	0.1023	0.1106	0.101	0.1071	0.0996	0.1064			
		0.0438	0.5093	0.6243	0.5573	0.6638	0.648	0.6306	0.4233	0.139	0.1011	0.106			
		0.043	0.9918	1.0585	1.1616	1.169	1.2051	1.1495	1.0954	0.5057	0.1011	0.1085			
		0.0403	0.9795	1.2038	1.2102	1.188	1.2285	1.2823	1.0231	0.3674	0.1016	0.1039			
		0.0431	1.0956	1.2275	1.2255	1.2513	1.1742	1.1815	1.2391	0.6908	0.0998	0.1024			
		0.0407	1.0612	1.1801	1.2112	1.1655	1.1819	1.1093	1.1085	0.4071	0.0944	0.1124			
															
		
~End
Plate:	MDAMB361 R2 FLUVA/TBF	1.3	PlateFormat	Endpoint	Absorbance	Raw	FALSE	1						1	570	1	11	96	2	6	None	
	Temperature(¡C)	1	2	3	4	5	6	7	8	9	10	11	12		
	27.30														
		0.0544	0.1274	0.1246	0.1219	0.1151	0.1243	0.1174	0.1089	0.1109	0.1184	0.1156			
		0.0444	0.653	0.761	0.7287	0.7137	0.7139	0.6437	0.4522	0.1452	0.115	0.1222			
		0.0416	1.0868	1.1438	1.1259	1.2898	1.2459	1.0937	1.0805	0.4398	0.1128	0.1169			
		0.0408	1.1895	1.3066	1.3432	1.4393	1.4045	1.306	1.1021	0.3868	0.1136	0.1145			
		0.0393	1.326	1.324	1.3218	1.3672	1.2811	1.2832	1.213	0.5735	0.1209	0.1263			
		0.0417	0.9846	1.2984	1.314	1.3467	1.3008	1.3002	1.2801	0.5668	0.1103	0.1225			
															
		
~End
Plate:	MDAMB361 R3 FLUVA/TBF	1.3	PlateFormat	Endpoint	Absorbance	Raw	FALSE	1						1	570	1	11	96	2	6	None	
	Temperature(¡C)	1	2	3	4	5	6	7	8	9	10	11	12		
	27.30														
		0.0445	0.132	0.1386	0.1366	0.1263	0.1293	0.1204	0.1211	0.1071	0.119	0.1127			
		0.0442	0.5787	0.6313	0.6768	0.6059	0.5871	0.5876	0.4532	0.1551	0.1156	0.1165			
		0.0428	0.9599	1.0257	1.1695	1.1021	1.1044	1.0458	0.9685	0.3685	0.1161	0.1293			
		0.0457	0.8931	1.05	1.1561	1.1439	1.0835	1.0884	1.0322	0.3535	0.1228	0.1218			
		0.0424	0.9625	1.1601	1.2661	1.1339	1.2506	1.3483	1.1362	0.5458	0.1152	0.1273			
		0.0404	1.014	1.0573	1.1217	1.1076	1.2204	1.0862	1.0216	0.5479	0.1073	0.1098			
															
		
~End
Plate:	HCC70 R1 FLUVA/TBF	1.3	PlateFormat	Endpoint	Absorbance	Raw	FALSE	1						1	570	1	11	96	2	6	None	
	Temperature(¡C)	1	2	3	4	5	6	7	8	9	10	11	12		
	27.30														
		0.0448	0.2331	0.2396	0.2272	0.2307	0.244	0.2508	0.2093	0.1285	0.113	0.13			
		0.0449	0.1633	0.1658	0.1638	0.1732	0.1704	0.1623	0.1361	0.1163	0.1147	0.1311			
		0.0439	0.7377	0.6389	0.7435	0.7422	0.6568	0.5889	0.3689	0.116	0.1165	0.1434			
		0.0414	1.9634	2.025	2.1022	2.0543	1.9614	2.026	1.4779	0.2196	0.1157	0.1404			
		0.0451	2.3027	2.2865	2.2538	2.3056	2.3199	2.3145	2.1572	0.5098	0.122	0.1279			
		0.0412	2.4146	2.3606	2.3625	2.4057	2.3771	2.3921	2.3635	1.1036	0.1267	0.1287			
															
		
~End
Plate:	HCC70 R2 FLUVA/TBF	1.3	PlateFormat	Endpoint	Absorbance	Raw	FALSE	1						1	570	1	11	96	2	6	None	
	Temperature(¡C)	1	2	3	4	5	6	7	8	9	10	11	12		
	27.30														
		0.0448	0.2272	0.2202	0.2329	0.2379	0.2463	0.2431	0.1974	0.1261	0.1077	0.1137			
		0.0439	0.1572	0.172	0.1672	0.1693	0.1838	0.1565	0.1321	0.1114	0.1224	0.1259			
		0.0495	0.6479	0.664	0.6356	0.6728	0.6028	0.496	0.3039	0.0976	0.1199	0.1305			
		0.0432	1.9256	1.9623	1.9825	1.9898	1.8537	1.7299	1.3891	0.2028	0.1096	0.1247			
		0.0414	2.2409	2.2959	2.3276	2.2982	2.2747	2.2491	1.9395	0.4948	0.131	0.1301			
		0.039	2.333	2.3054	2.356	2.3747	2.3619	2.2996	2.2145	0.8886	0.1238	0.1333			
															
		
~End
Plate:	HCC70 R3 FLUVA/TBF	1.3	PlateFormat	Endpoint	Absorbance	Raw	FALSE	1						1	570	1	11	96	2	6	None	
	Temperature(¡C)	1	2	3	4	5	6	7	8	9	10	11	12		
	27.30														
		0.0446	0.2366	0.2425	0.2597	0.2595	0.2507	0.2438	0.1942	0.1234	0.1019	0.1115			
		0.0435	0.1758	0.1782	0.1706	0.1702	0.1816	0.1617	0.1349	0.1087	0.1082	0.1136			
		0.0415	0.667	0.6571	0.7375	0.684	0.6637	0.5733	0.3078	0.1208	0.1126	0.109			
		0.0417	1.8628	2.0457	1.8281	2.0293	1.8884	1.6785	1.4272	0.2187	0.1154	0.1116			
		0.0409	2.3201	2.3012	2.3297	2.3357	2.2651	2.2959	2.1831	0.5218	0.1123	0.1045			
		0.0389	2.2685	2.3867	2.4206	2.4266	2.4214	2.3712	2.3134	0.9545	0.1194	0.1137			
															
		
~End
Plate:	MACLS2 R1 FLUVA/TBF	1.3	PlateFormat	Endpoint	Absorbance	Raw	FALSE	1						1	570	1	11	96	2	6	None	
	Temperature(¡C)	1	2	3	4	5	6	7	8	9	10	11	12		
	27.30														
		0.0443	0.1441	0.1486	0.1494	0.1412	0.1351	0.1309	0.1293	0.1345	0.1162	0.1337			
		0.043	0.1741	0.1954	0.1788	0.1833	0.1825	0.16	0.156	0.14	0.1124	0.1336			
		0.0409	0.6906	0.7174	0.7903	0.8192	0.8341	0.6511	0.5169	0.1544	0.1182	0.1399			
		0.0416	1.8497	1.8974	1.887	1.8495	1.8483	1.6025	1.1213	0.1739	0.1134	0.1442			
		0.0408	2.1806	2.1924	2.2224	2.1539	2.0756	2.1451	1.7826	0.3542	0.1178	0.1368			
		0.0395	2.2382	2.2584	2.2568	2.2238	2.2855	2.194	2.008	0.6565	0.1334	0.1504			
															
		
~End
Plate:	MACLS2 R2 FLUVA/TBF	1.3	PlateFormat	Endpoint	Absorbance	Raw	FALSE	1						1	570	1	11	96	2	6	None	
	Temperature(¡C)	1	2	3	4	5	6	7	8	9	10	11	12		
	27.30														
		0.0468	0.12	0.1303	0.1245	0.1195	0.1204	0.1268	0.1211	0.1159	0.1086	0.1213			
		0.0448	0.1677	0.1589	0.1685	0.1475	0.1747	0.1589	0.1599	0.1235	0.1126	0.1175			
		0.0429	0.6856	0.6483	0.6878	0.6582	0.6853	0.6412	0.4826	0.1393	0.1205	0.1444			
		0.0424	1.6491	1.6233	1.6689	1.569	1.555	1.4345	1.1903	0.1802	0.1204	0.1443			
		0.0444	1.9958	2.0136	1.9648	1.9962	2.0238	1.9504	1.6157	0.2939	0.1211	0.1323			
		0.0402	2.1074	2.12	2.1428	2.1871	2.1609	2.2131	2.0706	0.7621	0.1465	0.1323			
															
		
~End
Plate:	MACLS2 R3 FLUVA/TBF	1.3	PlateFormat	Endpoint	Absorbance	Raw	FALSE	1						1	570	1	11	96	2	6	None	
	Temperature(¡C)	1	2	3	4	5	6	7	8	9	10	11	12		
	27.30														
		0.0455	0.1158	0.1247	0.1147	0.1186	0.1314	0.1197	0.1195	0.1181	0.1064	0.1095			
		0.0461	0.1427	0.1418	0.1576	0.1528	0.1554	0.1421	0.1387	0.126	0.1147	0.1266			
		0.0416	0.5252	0.6228	0.6858	0.7125	0.7111	0.6317	0.4682	0.1395	0.1157	0.128			
		0.042	1.3803	1.6546	1.5492	1.5624	1.4601	1.4141	1.0443	0.1511	0.1138	0.1275			
		0.0402	1.8989	1.9912	1.9941	2.031	2.0626	1.9446	1.6512	0.2614	0.1218	0.119			
		0.0399	1.9855	1.9312	1.9762	2.0849	2.0612	2.0848	1.9441	0.6548	0.1234	0.1195			
															
		
~End
Instrument type: Instrument serial number:
